1	7425.6	21.639	0.2997	2092.3	4.1862e-09	0.0008774
2	1693.2	33.604	0.35639	2837.1	1.2037e-08	0.00074049
3	2802	28.731	0.50267	2142.9	7.5663e-09	2.4651
4	1788.2	37.122	0.4786	2928.7	1.1182e-08	0.00085466
5	3502.8	20.914	0.40705	2022.1	1.8111e-08	1.5717
6	3351.2	22.43	0.333	650.1	9.3187e-09	1.7768
7	3509.7	22.567	0.3781	2165.1	1.5352e-08	2.0159
8	7191.4	25.006	0.2749	901.66	7.2817e-09	0.00084111
9	6580.6	21.432	0.42808	480.32	8.4207e-09	1.3644
10	3106.9	26.395	0.4356	2321.3	7.6171e-09	1.0564
11	7959.9	27.136	0.4723	2039.6	1.7976e-08	0.00084568
12	3876	28.701	0.46596	838.54	1.4846e-08	1.6803
13	6335.7	22.221	0.28111	2933	3.1533e-09	0.00085647
14	6952.9	35.475	0.3333	195.58	2.08e-09	0.00076712
15	5300	20.046	0.42772	1975.1	1.1144e-08	1.5957
16	5973.1	25.249	0.27705	1194	7.07e-09	0.00086966
17	4052.1	23.132	0.3563	2042.3	1.8942e-09	0.47125
18	5577.1	33.558	0.3949	1531	1.9931e-09	0.00076303
19	2068.3	27.959	0.35241	727.64	1.8247e-08	0.047194
20	2685.7	37.075	0.36782	1454.4	8.3194e-09	0.00082233
21	6003.6	22.969	0.47474	2461.4	9.8631e-09	1.9607
22	5651.4	25.464	0.44239	2171.7	2.5323e-09	1.0636
23	1942.8	21.803	0.37573	1395.4	1.1407e-08	0.50588
24	7380.8	23.718	0.35137	801.44	1.2558e-08	0.00074204
25	3306.3	37.78	0.48693	326.59	9.9201e-09	0.00090914
26	6257.6	37.439	0.44907	2691.1	6.9751e-09	0.0006361
27	4575.9	30.379	0.41557	2307.3	7.2247e-09	0.00079607
28	7761.3	32.621	0.42268	341.97	7.7467e-09	0.00069179
29	1390.1	30.626	0.325	229.58	5.1354e-09	0.00077911
30	7787.4	34.987	0.44545	1433.6	1.5028e-08	0.00086571
31	7348.5	31.46	0.31892	2067.2	2.9804e-09	0.0008814
32	6348.7	35.145	0.46697	1895.2	1.2725e-08	0.00079464
33	4340.5	21.514	0.4007	2260.8	1.8634e-08	1.2304
34	5557.3	26.785	0.47033	673.69	4.3906e-09	1.2299
35	7164.8	27.752	0.35056	53.589	2.1994e-09	0.00084014
36	5474.7	22.556	0.43514	2467.2	1.4799e-08	2.8812
37	5173.6	22.186	0.39662	1410.3	1.1487e-08	1.1103
38	1684.5	38.661	0.49932	2603.8	1.5114e-08	0.000907
39	2747.7	27.975	0.3587	712.03	8.094e-09	0.058448
40	2104.1	29.101	0.4222	1311.6	8.1262e-09	2.7239
41	3223.8	27.618	0.30617	2490.9	1.8685e-08	0.00077018
42	3486.5	34.932	0.49072	1751.4	1.4419e-08	0.00083064
43	1941.4	29.569	0.40034	1572.6	2.3358e-09	0.42426
44	6935.6	26.264	0.44279	1708.5	1.0839e-08	0.00096956
45	3967.5	36.356	0.41749	610.34	1.349e-09	0.00091758
46	3596.6	23.327	0.34321	1365.7	2.9185e-09	0.36884
47	3741.9	33.244	0.49115	135.18	1.0351e-08	0.45685
48	2107.2	38.279	0.36455	1475.8	1.3048e-08	0.00093609
49	5976.1	28.806	0.45626	2417.5	1.4901e-08	0.00081729
50	6675.3	28.553	0.32901	1264.8	4.5766e-09	0.00072686
51	3749.3	34.285	0.47441	1926.7	1.7895e-08	0.00088746
52	5457.9	38.804	0.4656	1555.6	1.1202e-08	0.0008776
53	5359	22.293	0.37588	416.08	1.223e-08	2.522
54	5319.6	25.069	0.40828	1947.5	5.5778e-09	0.44956
55	4332.3	26.711	0.27582	109.39	1.8202e-08	0.00077387
56	2498.6	26.799	0.34212	2312.7	1.4433e-08	0.00073581
57	7494	22.896	0.28556	1364.6	3.8552e-09	0.00077793
58	3883.1	34.534	0.42452	280.53	1.9281e-08	0.00087118
59	6155.7	33.016	0.43042	1786.5	6.2014e-09	0.00078129
60	2761.7	21.845	0.33944	116.21	1.5246e-08	0.62712
61	5732.2	21.964	0.34494	2070.7	1.3569e-08	0.00087046
62	1922.3	33.566	0.27485	1148.4	2.8913e-09	0.0009294
63	2716.4	28.188	0.4025	713.42	1.6787e-08	0.70857
64	7750.3	25.809	0.46858	1679.6	8.6853e-09	0.29297
65	2540.2	34.262	0.40279	2769.6	9.7021e-09	0.00082773
66	6256.7	37.52	0.49389	2561.9	1.3038e-08	0.00078734
67	4324.1	28.805	0.45114	429.97	1.1468e-08	1.0685
68	2118.7	23.903	0.41852	1834.8	1.2612e-08	3.9546
69	5075.3	24.471	0.39979	1868.7	4.2239e-09	1.3063
70	3358.6	29.042	0.44137	550.76	6.5232e-09	1.3266
71	5345.7	25.883	0.48117	2722.4	1.4925e-08	1.0736
72	5170.3	31.196	0.39142	287.27	1.7005e-08	0.00082186
73	6427.2	36.837	0.45668	1883.7	6.0092e-09	0.00083236
74	4791.1	27.579	0.39559	2790.1	1.9044e-08	0.00085102
75	2163.5	35.34	0.36851	1529.2	8.9449e-09	0.00083973
76	5726.4	22.159	0.31283	1185.8	1.3853e-08	0.00078098
77	7819.4	37.898	0.33542	73.685	6.2148e-09	0.00077072
78	7631.3	24.314	0.34395	1475	9.5761e-09	0.00088285
79	2966.2	31.602	0.42542	421.26	1.5512e-08	0.73533
80	3933.4	21.142	0.37192	1726.5	1.1979e-08	0.99072
81	3374.9	25.663	0.46473	2429.1	1.284e-08	2.7495
82	5573	25.66	0.40304	1322.4	1.523e-08	0.34365
83	6111.1	35.835	0.47629	898.65	1.1019e-08	0.00084185
84	5255.4	21.027	0.30231	2472.3	1.742e-08	0.00079284
85	8012.3	28.428	0.46349	208.43	1.4464e-08	0.0015041
86	2004.6	23.702	0.39225	1785.7	1.0258e-08	0.4958
87	5155.8	33.213	0.49477	383.67	9.8017e-09	0.00072941
88	7552.2	22.316	0.36863	623.42	1.9049e-08	0.99155
89	2889.9	21.369	0.36121	413.87	1.6342e-08	3.588
90	3886.4	23.432	0.37272	1455.2	1.2053e-08	1.8494
91	5852.4	20.77	0.41976	692.27	1.7233e-08	1.3715
92	1282.6	23.375	0.32073	2004.2	1.6059e-08	0.00085837
93	5383	29.693	0.48642	2387.4	2.8326e-09	0.0069988
94	6188.9	23.063	0.38925	1367.5	1.0285e-08	0.53389
95	7121.2	27.854	0.32223	2834.5	1.6435e-09	0.00079784
96	1995.5	30.44	0.35937	2896.9	9.3059e-09	0.00084293
97	4240.9	31.744	0.30081	1650.2	2.0665e-09	0.00072363
98	6521.8	31.44	0.50025	1767.4	1.0409e-08	0.00084793
99	6636	33.193	0.40014	427.15	4.1058e-09	0.0008932
100	6157.7	32.405	0.47123	884.64	1.3866e-08	0.00074121
101	4753	32.775	0.44465	1587.5	9.6583e-09	0.00080723
102	5432.2	26.501	0.27777	532.75	1.9117e-08	0.00086711
103	2367.7	30.835	0.4855	2006	1.467e-08	1.0672
104	1580.3	25.938	0.31557	814.03	3.6328e-09	0.00082221
105	3619.7	25.319	0.45444	1214.8	3.6544e-09	4.0645
106	4571.8	21.954	0.32216	870.18	9.2501e-09	0.36651
107	5553.8	21.892	0.41732	1792.9	5.7402e-09	1.6447
108	5539.9	26.958	0.32735	439.33	1.1611e-09	0.00088914
109	5079	20.473	0.39263	1278.5	1.2183e-08	1.5174
110	5785.3	29.417	0.4768	354.25	1.4913e-08	0.58617
111	6667.8	35.033	0.4742	1919.4	4.0416e-09	0.00077435
112	3477.4	30.824	0.40927	1743.8	1.8451e-08	0.00085846
113	3535.7	34.844	0.44766	2011.7	1.0239e-08	0.0007695
114	1162.7	33.81	0.27756	1340.9	1.6518e-08	0.00080303
115	2295.6	29.198	0.41314	417.44	1.7679e-08	1.9152
116	5453	30.192	0.44105	1733.6	1.097e-08	0.00084396
117	7560.5	28.177	0.48011	1935.6	7.7173e-09	0.0008128
118	3173.4	23.914	0.33366	2316.6	1.0567e-08	0.00083418
119	1732.1	37.567	0.38657	2756.2	7.5183e-09	0.00084511
120	4456.4	28.927	0.35154	269.23	1.1122e-09	0.00078172
121	3257.6	37.818	0.37642	452.31	1.8139e-08	0.00081786
122	3803.6	22.652	0.39607	796.45	6.7752e-09	1.7717
123	2269.2	34.572	0.45973	1633.2	3.5162e-09	0.00089042
124	4776.7	34.426	0.47747	2099.7	9.6513e-09	0.0008896
125	6872.5	25.387	0.44242	859.81	9.9001e-09	0.74122
126	6649.9	26.778	0.43002	2930	9.3621e-09	0.00089052
127	4714.8	22.443	0.28628	1524.2	1.832e-08	0.00078314
128	2839.6	20.959	0.29927	451.61	1.372e-08	0.10637
129	3405.3	33.513	0.43855	1905.7	9.3333e-09	0.00083826
130	5990.1	30.806	0.47895	602.37	1.3666e-08	0.10306
131	7933.9	34.876	0.40991	132.03	6.9385e-09	0.00082219
132	5609.4	25.054	0.40064	893.67	1.3026e-08	0.74027
133	7917.6	22.978	0.44056	526.27	1.6252e-08	1.3791
134	2683.3	35.499	0.47393	896.88	2.9721e-09	0.0007705
135	3275.4	38.26	0.48861	809.65	1.3402e-08	0.00094158
136	2321.9	35.412	0.32609	2525.8	5.9111e-09	0.00084778
137	7968.8	21.675	0.36319	983.13	1.0533e-08	0.3719
138	6900.2	36.114	0.4241	83.13	1.1995e-08	0.00086486
139	6870.3	29.15	0.40985	752.84	4.6164e-09	0.00086575
140	2833.5	20.546	0.34628	1069.6	5.7462e-09	0.34917
141	3673.7	28.162	0.48062	730.29	5.3157e-09	3.1282
142	3160.8	35.286	0.48126	1943.5	4.4071e-09	0.00099106
143	7033.8	22.435	0.31622	980.57	1.6176e-08	0.00081866
144	1331.9	29.015	0.31311	2330.9	1.6429e-08	0.00076473
145	2044.7	27.792	0.43708	2415.2	1.7939e-08	1.0962
146	4690.3	24.403	0.32973	1167.6	1.762e-08	0.00087369
147	7040.8	25.983	0.38512	718.25	5.2822e-09	0.00083552
148	7620.2	33.184	0.48841	1172.5	9.5182e-09	0.00094427
149	1887.7	35.18	0.35501	191.01	5.8401e-09	0.00085228
150	6596.7	26.336	0.4095	2309.9	1.2929e-08	0.00078729
151	4094.9	30.507	0.44763	1445.4	6.0388e-09	0.028001
152	1395.3	31.917	0.30186	1255.2	1.4152e-08	0.0008487
153	5016.7	28.762	0.43751	2299.8	1.32e-08	0.00085837
154	3534	36.39	0.4217	1899.6	1.6877e-08	0.00072729
155	3804	38.387	0.47875	2911.1	7.3819e-09	0.00083857
156	7283.4	24.496	0.46649	2899.9	1.2074e-08	0.49556
157	3878.3	37.952	0.49027	595.52	6.7669e-09	0.00085908
158	7676.9	28.77	0.49312	455.69	1.1386e-08	0.00094556
159	5743.8	32.905	0.43147	2826.4	1.2345e-08	0.00078521
160	6031.4	24.214	0.49321	1449.8	1.7243e-08	1.8449
161	3332.8	25.574	0.28969	2775.8	4.5012e-09	0.00083407
162	5792.4	28.364	0.40416	1736.2	1.8043e-08	0.00084748
163	2445.1	31.669	0.4767	1170.8	1.587e-08	2.6415
164	1927.1	36.215	0.41174	2930.8	8.9602e-09	0.0008929
165	5649.2	24.578	0.29635	491.91	4.0626e-09	0.00084853
166	2174.4	25.133	0.314	1532.6	1.6941e-08	0.00086282
167	5305.3	22.077	0.31519	1752.2	1.2e-08	0.00076576
168	6980.1	27.369	0.40796	172.53	1.4483e-08	0.014216
169	1458.2	37.244	0.41316	1882.3	5.7664e-09	0.00082585
170	7348.1	38.56	0.49276	815.11	1.4713e-08	0.00084567
171	3193.1	28.668	0.40029	209.37	5.2921e-09	1.5146
172	5242.6	26.482	0.46916	1804	3.48e-09	0.60261
173	5439.3	24.069	0.34456	1563.5	6.6859e-09	0.00081953
174	6824.1	36.054	0.50475	2880	4.8553e-09	0.00088853
175	3029.7	31.507	0.45323	2868	1.3875e-08	0.00088516
176	3545.8	37.174	0.50142	1042.2	1.3753e-08	0.00085867
177	7788.6	25.375	0.43948	1209.9	1.3931e-08	0.18145
178	6227.9	25.482	0.43746	1828.4	1.4288e-08	0.32338
179	4706.7	37.857	0.4316	1246.4	6.6313e-09	0.00082895
180	4056	22.34	0.3999	62.153	1.8565e-08	2.2139
181	3678.3	38.983	0.4592	198.04	1.7278e-08	0.00079328
182	7974.7	25.821	0.46317	2008.9	6.4361e-09	0.00097193
183	5799.5	25.256	0.39063	1064	9.5462e-09	0.19051
184	1656.8	26.074	0.41039	1597.4	7.0379e-09	0.28004
185	7050.1	36.311	0.4276	1471	2.7694e-09	0.00090698
186	6808.7	25.622	0.40617	2681.2	1.2281e-09	0.00084374
187	6561	36.675	0.46886	1727.8	1.3222e-08	0.00088813
188	3924.2	29.39	0.44572	579.84	1.5937e-09	0.78125
189	6555.5	26.332	0.46455	202.82	1.8689e-08	1.6442
190	1289	35.603	0.34722	1207.9	1.1947e-08	0.00095069
191	5321.9	24.329	0.34763	1462.3	1.3501e-08	0.00079788
192	4825.4	24.794	0.32195	1359.3	2.1834e-09	0.00086002
193	4363.6	25.537	0.36061	1269.8	3.0623e-09	0.00088254
194	1989.4	36.979	0.30104	910.8	6.3928e-09	0.00083629
195	2272.3	38.361	0.49243	2370.9	1.8922e-08	0.00082879
196	7574.9	34.197	0.42584	112.75	1.7973e-08	0.00078356
197	4186.4	22.683	0.35219	1864.7	4.5048e-09	0.42784
198	7463	26.588	0.47496	1036.5	9.4376e-09	0.3764
199	7328.6	32.37	0.37687	251.44	6.4533e-09	0.00081597
200	7074.1	25.452	0.37357	1846.1	1.4296e-08	0.0007669
201	2794.3	22.825	0.31668	478.57	2.4782e-09	0.24677
202	1350.9	26.253	0.40955	1917.3	8.4606e-09	1.1322
203	7877.7	25.24	0.41004	1450.1	8.2776e-09	0.00098402
204	6647.4	33.372	0.45479	1428.5	1.1363e-08	0.00082336
205	2933.6	24.463	0.45051	129.05	1.6215e-08	6.7178
206	3950.4	20.41	0.32802	923.1	2.5972e-09	1.1289
207	4245.8	23.937	0.3619	2055.7	6.8709e-09	0.00099057
208	6342.2	36.789	0.48574	1112.1	6.6669e-09	0.0009682
209	7209.5	31.109	0.49404	510.49	1.47e-08	0.00084666
210	6921.2	23.346	0.36334	1837.8	7.0524e-09	0.00082429
211	6353.5	37.407	0.44965	243.61	1.5548e-08	0.00082798
212	2359.7	29.783	0.27682	2914.1	1.1158e-08	0.00079613
213	1891.5	30.086	0.44871	997.39	1.7733e-08	3.0073
214	1588.2	30.496	0.32467	1205	2.6887e-09	0.00074085
215	5685.2	26.856	0.40907	1754.1	7.4342e-09	0.00077576
216	6100.3	24.082	0.3753	1633.4	6.4627e-09	0.00099771
217	7626.7	28.101	0.39358	183.67	8.8279e-09	0.00078474
218	3722.1	26.565	0.41141	2392.2	5.9331e-09	0.37256
219	2121.8	29.902	0.32704	2696.2	2.6565e-09	0.00085279
220	4032	29.836	0.47955	2140.8	1.1308e-08	0.18874
221	6831	20.754	0.38486	264.31	1.8832e-08	2.1926
222	3365	27.672	0.27935	2735.1	7.7811e-09	0.00081976
223	2615.4	35.741	0.48433	174.53	1.1378e-08	0.61488
224	3799.8	28.752	0.3296	2304.5	1.2312e-09	0.00090708
225	6913.9	31.202	0.4169	404.02	1.1816e-08	0.00084953
226	2422.2	23.755	0.36932	2495.8	4.1659e-09	1.1775
227	3496.1	26.184	0.42695	1381.2	5.7186e-09	1.7912
228	3725.3	27.051	0.27354	807.84	1.3172e-08	0.00086904
229	3482.6	34.303	0.49779	1253.1	8.6712e-09	0.00077906
230	4626.5	32.462	0.34262	1326.4	1.1027e-09	0.00075189
231	6283.8	21.624	0.31782	2780.5	5.8174e-09	0.00091293
232	6907.6	31.978	0.44303	645.84	4.5675e-09	0.00077298
233	3779	38.843	0.3611	365.96	4.5998e-09	0.00081869
234	2630.6	24.307	0.29013	2720.1	1.8835e-08	0.00084955
235	3475.1	33.037	0.28435	2241.3	2.0829e-09	0.00079015
236	3660.7	20.695	0.35537	440.5	1.0177e-08	2.5724
237	6474	36.918	0.49974	2355.8	9.2849e-09	0.00083957
238	4112	24.132	0.45322	2474.5	1.5991e-08	2.2775
239	3251.2	33.165	0.28089	284.4	4.7201e-09	0.00089012
240	2991.3	31.143	0.30861	881.61	7.9086e-09	0.00082955
241	6472.3	28.882	0.39303	2291.4	9.8954e-09	0.00077122
242	6271.3	25.595	0.33285	393	5.4358e-09	0.00082585
243	2328.5	30.208	0.44793	1390.1	7.159e-09	2.3424
244	3888.5	20.502	0.37524	2088.2	6.8312e-09	0.91286
245	1739.2	38.174	0.31025	2090.4	6.5928e-09	0.00089572
246	2698.4	22.586	0.42473	1490	1.5786e-08	4.2341
247	2403.3	27.293	0.483	973.5	1.5348e-08	6.5177
248	4459.4	30.748	0.40386	1841.7	1.6209e-09	0.00084433
249	3558.7	29.787	0.45596	2715.4	7.0089e-09	0.072679
250	7101.8	24.698	0.49468	2094.5	1.6095e-08	0.71572
251	1606.2	27.422	0.38031	2264.9	1.801e-08	0.048971
252	5488.8	30.058	0.42512	987.59	1.7634e-08	0.00091296
253	6308.5	37.877	0.30206	1820.9	2.4582e-09	0.00083037
254	2101.3	34.623	0.31171	2284.5	6.9674e-09	0.00074904
255	5087.9	24.28	0.38975	1161.7	7.5909e-09	0.89846
256	5415.5	34.959	0.31514	77.497	6.3293e-09	0.00074478
257	6804.7	28.824	0.48825	2217.1	1.0492e-08	0.00092156
258	5678.8	38.51	0.32458	398.54	1.2949e-09	0.00087821
259	7450.1	28.409	0.48224	2848.1	1.6715e-08	0.00079612
260	6486.6	28.129	0.40584	1858.2	1.374e-08	0.00081933
261	5549.7	24.131	0.39556	493.9	5.6374e-09	0.62523
262	2537	35.814	0.47599	1990.9	5.0159e-09	0.00091167
263	6251.8	27.196	0.47969	1126.1	4.6355e-09	0.77707
264	2047.2	33.263	0.42354	1361.4	1.5675e-08	0.00083396
265	3651.8	34.655	0.45109	2084.4	5.278e-09	0.00088456
266	3198.4	23.264	0.38408	1010.8	1.8652e-08	3.2462
267	3762.6	35.704	0.43039	1131.1	1.3058e-08	0.00076076
268	1083.2	33.834	0.33863	1421.6	3.1145e-09	0.00081871
269	7468.8	30.042	0.37179	1896.5	3.2749e-09	0.00084013
270	6724.9	31.123	0.47946	97.724	4.2622e-09	0.0008371
271	4623.6	34.797	0.48801	1789.1	1.5733e-08	0.00087962
272	6084.7	25.899	0.48181	1687	8.3808e-09	0.93835
273	5326.3	36.931	0.32683	2422.3	1.9192e-09	0.00083778
274	2572.9	31.823	0.49863	637.82	5.529e-09	2.2383
275	7272.2	37.849	0.46297	1702.1	1.4501e-08	0.00085035
276	7457.6	22.104	0.39171	210.87	1.7759e-08	0.93675
277	1868.5	31.292	0.50167	1440.5	1.4533e-08	1.9888
278	4132.4	35.673	0.47048	2670.2	1.6568e-08	0.00083098
279	1448.5	23.643	0.31473	2692.6	1.2996e-08	0.00084162
280	2469.5	29.747	0.45494	1731	9.8508e-09	0.85602
281	5805	20.056	0.3724	1903.1	3.8964e-09	0.89518
282	2574.4	29.43	0.48816	1512.9	5.8252e-09	2.5469
283	4922	23.992	0.32087	2477.4	1.0677e-08	0.000873
284	4163.6	32.624	0.50002	2028.7	1.8062e-08	0.00087798
285	3300.9	27.817	0.34524	586.4	1.3147e-08	0.00078908
286	3853.2	25.337	0.29288	636.71	1.4546e-08	0.00079891
287	3554.6	36.382	0.27451	1505.5	2.202e-09	0.00076929
288	1912	38.251	0.43954	2044.4	1.7703e-08	0.0009054
289	4772.7	27.636	0.47564	1863.3	1.1643e-08	0.78525
290	1768.6	33.964	0.43006	2844	1.4048e-08	0.00094816
291	7106.7	24.871	0.48507	680.09	1.154e-08	1.2866
292	7649.9	32.688	0.46125	329.23	9.9909e-09	0.00084939
293	6854.1	23.748	0.42909	666.36	1.7101e-08	1.5603
294	4077.1	25.305	0.3318	2269.1	1.1418e-08	0.00086808
295	5735.7	28.971	0.39029	970.6	4.4765e-09	0.00095517
296	1267.8	33.439	0.36005	929.93	1.7774e-08	0.00079815
297	5713.5	32.725	0.45819	386.6	1.6953e-08	0.00087818
298	6876.9	24.888	0.34845	2710	1.6619e-08	0.00086694
299	2637.2	29	0.28749	67.63	1.6286e-08	0.00083451
300	1826.8	31.629	0.37995	2933.7	1.197e-08	0.00093054
301	4846.3	23.095	0.37553	2483.9	9.6891e-09	0.3497
302	2901.1	34.888	0.34908	1486.3	6.424e-09	0.00087802
303	7694.7	32.189	0.41154	2524.6	4.7369e-09	0.00074289
304	2180.7	23.107	0.33666	2936.2	1.5941e-08	0.00091179
305	7732	20.438	0.3937	2509.3	6.2748e-09	0.43551
306	3282.4	28.047	0.32162	2061.2	8.7953e-09	0.00087261
307	6205.7	33.031	0.47349	2895.9	5.6074e-09	0.00085955
308	6715.8	22.108	0.39791	2872.6	1.1033e-08	0.39946
309	5766	24.536	0.30116	2243.8	1.2715e-08	0.00088872
310	6396.8	27.597	0.38293	2173.6	1.8216e-09	0.00086269
311	4040.3	34.048	0.44723	1414.9	1.8677e-09	0.00080489
312	5978.9	38.5	0.41431	147.19	1.8774e-08	0.00090624
313	2352.3	38.777	0.32869	1562.4	3.4937e-09	0.00080621
314	7061.4	32.323	0.45292	639.39	1.0054e-08	0.00084765
315	2488.8	30.813	0.44658	2079.3	1.4382e-08	0.22031
316	7756.2	31.368	0.42229	810.96	3.0759e-09	0.00085965
317	3041.6	27.712	0.47065	1539.2	1.1718e-08	2.2787
318	3841	34.209	0.50552	1144.1	8.4047e-09	0.00089532
319	4008.8	30.601	0.4488	1766.2	1.8793e-08	0.00094131
320	1194.9	38.69	0.28502	2615.4	1.3918e-08	0.00089363
321	7256.8	21.283	0.33521	2851.9	1.6673e-08	0.00084711
322	4758.8	29.061	0.49292	560.95	1.3427e-08	1.3831
323	2700.6	22.618	0.45456	1513.3	1.2014e-08	3.8385
324	3206	28.374	0.35791	2328.5	1.7376e-09	0.00086849
325	3957.7	21.487	0.34851	2026.3	1.3656e-08	1.1837
326	7475.6	37.065	0.47776	1907.6	6.8102e-09	0.00087321
327	6974.9	28.478	0.37059	1642.4	1.4395e-09	0.00085164
328	2316	38.745	0.45653	544.95	1.8854e-08	0.00085562
329	2505.3	26.055	0.46581	832.71	1.15e-08	3.1672
330	5627.8	28.649	0.38711	2215.9	9.0925e-09	0.00095881
331	6557.4	23.311	0.32051	2711.1	3.7263e-09	0.00071404
332	2374.7	20.905	0.40327	874.05	7.4407e-09	1.5117
333	3262.1	25.921	0.32935	758.33	9.0227e-09	0.0008454
334	4210.8	29.619	0.38914	1638.4	1.5451e-09	0.00087846
335	4525.2	22.371	0.46803	2411.7	1.1599e-08	1.7604
336	2970.7	27.43	0.32908	2866.3	1.5414e-08	0.00080559
337	1216.4	26.718	0.33246	955.64	3.8664e-09	0.00087057
338	5381	27.268	0.4595	2490.6	4.554e-09	0.28322
339	4084	34.487	0.3933	1327.4	1.9469e-09	0.00094429
340	6148.5	20.99	0.32547	2202	1.6207e-08	0.00075706
341	5112.5	31.502	0.42301	1300.9	1.7224e-08	0.00075966
342	5966.4	24.143	0.41229	774.43	9.943e-09	0.88995
343	5375.3	30.275	0.37333	261.12	1.5534e-08	0.00083345
344	2987	28.597	0.33418	938.3	1.271e-08	0.00086467
345	1246.7	26.951	0.27811	2785.6	7.3628e-09	0.00089424
346	7260.7	32.062	0.43377	701.23	1.2593e-08	0.0008002
347	3580.7	22.762	0.31288	2781.2	2.8202e-09	0.00089209
348	5120.4	21.038	0.29105	2273.4	1.5389e-08	0.00079456
349	2338.1	22.183	0.41938	2354.3	1.8067e-08	2.1714
350	3733.5	27.393	0.45337	446.29	4.9432e-09	4.1617
351	2438	35.016	0.47294	1812.5	1.5695e-08	0.00095077
352	3531.3	26.985	0.43701	2015.2	1.5911e-08	0.34814
353	1509.4	37.689	0.30788	234.19	1.2453e-08	0.00078594
354	2560.4	32.429	0.32579	2842.9	1.081e-08	0.00083798
355	4639.7	23.505	0.36789	2378.9	1.1593e-08	0.00090528
356	7129.9	36.716	0.46627	2611.3	1.795e-08	0.00074767
357	4979.9	33.101	0.37368	84.46	2.6441e-09	0.00086108
358	6469.8	21.281	0.28824	2763.2	1.1804e-08	0.00087193
359	4567.2	28.297	0.48157	2517	1.3305e-08	0.33164
360	4445.3	26.649	0.3797	517.91	1.7655e-08	0.36797
361	3524.4	29.371	0.47014	1048.6	1.1674e-08	0.62981
362	1501.8	28.147	0.39728	723.57	7.1292e-09	0.98018
363	7095.2	20.517	0.39926	1940.2	1.2082e-08	0.76773
364	4328.6	26.368	0.34136	1648.7	3.582e-09	0.00092347
365	2114	33.582	0.33929	947.39	1.4556e-08	0.00091399
366	4888.4	26.143	0.49505	1763.3	4.3935e-09	1.7004
367	7800.9	22.961	0.32852	2581.3	6.4459e-09	0.00086513
368	3753.7	28.909	0.38645	710.47	8.4322e-09	0.10389
369	5177.8	31.83	0.45642	1298.5	7.4885e-09	0.00076138
370	5424.9	32.146	0.42016	721.85	1.2587e-08	0.00085272
371	7904.2	34.608	0.47162	1199.5	5.0729e-09	0.00085365
372	2766.1	35.758	0.34185	87.954	7.3006e-09	0.00086008
373	7546.2	22.248	0.40343	414.19	4.1572e-09	1.6198
374	3244.9	29.484	0.36547	1806.2	1.7179e-08	0.00085693
375	3022.9	28.954	0.39812	117.34	1.9218e-08	1.8246
376	2734.2	35.463	0.39318	2836.3	4.4145e-09	0.00074849
377	2600.1	36.421	0.49082	1570.8	9.4265e-09	0.00091192
378	5142.2	21.095	0.41644	358.53	7.6502e-09	2.1876
379	3264.4	23.951	0.44201	2441.1	1.0833e-08	3.4149
380	2037	27.475	0.41578	706.98	1.1746e-08	5.237
381	2774.6	38.427	0.39831	1688.6	9.107e-09	0.00089505
382	1536.4	29.145	0.28102	1913.4	1.5883e-08	0.0008416
383	2345.2	37.598	0.32772	236.72	9.2256e-09	0.00086209
384	3268.3	33.279	0.35319	1971.4	3.7681e-09	0.00079164
385	6742.7	24.659	0.44714	2538.5	7.1755e-09	0.39417
386	1534.1	32.854	0.46179	2683.3	1.6683e-08	0.0008789
387	1298.3	32.352	0.29751	2904.6	1.8375e-08	0.0007958
388	1206.4	27.874	0.29047	1009.4	1.2031e-08	0.00078259
389	6838.7	36.993	0.44377	1698.8	1.2568e-08	0.00087331
390	2970.5	30.671	0.45346	155.17	1.8084e-08	2.0662
391	1486.7	37.551	0.274	2724.3	1.2877e-08	0.00079997
392	2051.1	26.247	0.32816	1797.8	9.9649e-09	0.00078223
393	1252.2	35.086	0.43804	515.43	1.1483e-08	0.43504
394	2467.6	38.565	0.40643	2547.8	1.4407e-08	0.00084114
395	3836.8	27.717	0.42314	1424.7	3.0945e-09	0.69143
396	5238.1	35.64	0.43168	2815.3	1.8302e-08	0.00082821
397	2185.3	38.377	0.2962	2728.8	6.7586e-09	0.00090445
398	5665.9	37.825	0.45685	1981.6	1.1694e-08	0.00080257
399	1477	32.635	0.35589	2116.6	9.4743e-09	0.00085667
400	6180.2	28.317	0.44588	2249	7.1374e-09	0.00090845
401	5449.6	21.752	0.41104	768.97	7.4073e-09	1.2177
402	2885.5	36.742	0.41287	2048.2	1.2157e-08	0.00078042
403	1699.6	37.001	0.37345	956.38	1.7792e-08	0.00083832
404	5751.6	24.219	0.27719	2641.5	1.4062e-08	0.00081271
405	2523.5	35.823	0.39935	825.88	1.2284e-08	0.00088174
406	3578.1	28.537	0.38476	2747.5	1.056e-08	0.00086071
407	5045.4	26.462	0.35143	505.49	1.4606e-08	0.00081716
408	6892.3	37.938	0.44487	1400.7	3.998e-09	0.00082432
409	5435.2	31.078	0.41131	1297.2	1.8837e-09	0.00080331
410	2491.9	27.078	0.43966	1352.4	7.2067e-09	1.6944
411	4192.3	20.325	0.41439	2069.7	1.0449e-08	2.1901
412	4678.1	26.537	0.27595	2085.1	6.5385e-09	0.00075251
413	2956.2	26.411	0.36151	1628.3	7.6323e-09	0.0008318
414	2448.3	25.187	0.34294	1205.8	4.1304e-09	0.00095278
415	4297.2	25.438	0.29609	349.37	1.6637e-08	0.00069874
416	3692.7	35.543	0.45789	2814.3	1.9219e-08	0.00092566
417	1294.3	36.367	0.28875	345.81	1.1332e-08	0.00073135
418	3514.9	26.621	0.2918	1526.3	7.8777e-09	0.00089911
419	1916.6	33.235	0.31717	1377.3	1.5048e-08	0.00082502
420	3389.6	24.228	0.29858	497.28	1.6278e-09	0.00081539
421	7287.4	20.587	0.41247	337.67	7.0302e-09	2.6335
422	6263.5	31.174	0.28919	23.682	1.0141e-08	0.00079257
423	7539.4	27.31	0.49518	2381.7	7.6991e-09	0.0010557
424	1135.4	36.953	0.29487	2399.4	1.2733e-08	0.00081228
425	3005.4	29.274	0.45529	2643.4	1.7211e-08	0.6053
426	5587.9	27.003	0.49358	1080.4	8.3285e-09	1.1226
427	2975.5	23.225	0.35828	1664.5	1.8229e-08	0.69771
428	6010.8	25.578	0.34591	495.59	1.8678e-08	0.00083806
429	5298.8	20.169	0.35544	488.67	3.3799e-09	1.0397
430	7879.7	31.545	0.45617	1795.6	1.239e-08	0.00082389
431	4425.7	32.54	0.44982	2365.6	1.4677e-08	0.00088825
432	2141.1	23.398	0.28202	125.19	5.1976e-09	0.00083899
433	4284.5	23.708	0.33418	1215.7	1.5932e-08	0.00080669
434	7479.3	35.384	0.46701	1611.8	6.5462e-09	0.00090433
435	4844.5	31.101	0.40473	1720.5	5.5969e-09	0.00088726
436	2342.3	24.681	0.34893	1802.2	4.8746e-09	0.00096514
437	4346.3	21.022	0.36701	540.79	1.027e-08	1.595
438	6050.8	25.56	0.43469	1622.8	1.1577e-08	0.39119
439	3663.3	36.552	0.41673	655.14	2.3176e-09	0.00080975
440	1418.5	33.951	0.29427	1496.9	1.2835e-08	0.00091953
441	5808.6	24.874	0.29738	150.07	1.7065e-08	0.00084962
442	3914.4	23.415	0.47631	1932.9	1.7543e-08	2.6736
443	7597.5	22.628	0.28747	1911.7	1.1447e-08	0.00068916
444	7086	24.995	0.46487	2565.3	1.1552e-08	0.23667
445	2022.9	27.786	0.44159	1293.9	6.2834e-09	3.172
446	6103.7	36.245	0.36038	1460.8	1.6785e-09	0.00078293
447	4812.7	23.052	0.35515	2326.7	8.4742e-09	0.00077034
448	2733.5	23.315	0.29733	2633.6	1.067e-08	0.00071344
449	3007.1	38.971	0.35809	1586.4	5.1662e-09	0.0008892
450	7291.2	37.978	0.42681	231.59	1.1313e-08	0.00091867
451	7842.6	25.761	0.33347	137.85	1.5334e-08	0.00081112
452	5691.9	31.702	0.33479	2057.4	2.4659e-09	0.00081121
453	4673	27.743	0.28039	351.19	6.7388e-09	0.00083419
454	6225.3	32.259	0.41742	537.2	1.5217e-08	0.00085451
455	6411.7	23.964	0.43658	2046.6	9.5376e-09	0.42383
456	3790.5	26.827	0.30319	2602.1	6.843e-09	0.00091339
457	3575.9	22.89	0.42056	1458.4	1.6048e-08	1.4333
458	3644.3	28.152	0.36596	1037.2	6.6726e-09	0.00082503
459	7002.5	21.32	0.45257	1291	1.0907e-08	2.4139
460	1935.2	28.215	0.32876	2886.8	1.0069e-08	0.00083027
461	2406.5	30.36	0.46392	1678.4	1.2807e-08	2.2812
462	7408.7	23.366	0.27877	2658.7	4.303e-09	0.00087357
463	7234.8	30.228	0.35259	161.93	8.1853e-09	0.00084313
464	7664.9	24.371	0.40869	1712.9	1.3537e-09	0.00093486
465	4262	21.811	0.47545	1244.2	1.5124e-08	1.7231
466	4002.5	26.063	0.27855	1773.2	3.7102e-09	0.00079035
467	5892.5	34.974	0.31648	272.5	3.7193e-09	0.00084962
468	2992	33.047	0.46057	1068.1	1.5684e-08	0.22598
469	2946.3	20.638	0.35644	2529.7	1.7312e-08	0.25337
470	3920.6	34.459	0.42847	1654	1.2652e-08	0.00089204
471	7415.3	32.464	0.28605	2909.7	1.54e-09	0.00086588
472	4808.8	38.194	0.43485	1019.6	3.3204e-09	0.00085499
473	6460.7	24.01	0.43444	2721.3	1.3842e-08	0.41907
474	6008.7	30.88	0.42978	82.442	7.732e-09	0.00098456
475	2526.3	23.824	0.43322	633.04	1.121e-08	3.1478
476	3471.3	28.468	0.35484	2187.2	1.7441e-08	0.00096906
477	2932.1	31.224	0.49943	1694.4	1.4302e-08	0.66345
478	6942.6	29.774	0.42101	205.87	1.5765e-08	0.00086753
479	6046.6	23.988	0.43893	1588.4	6.6346e-09	2.9137
480	1968.3	25.833	0.42379	2162.3	1.6241e-08	3.2735
481	6513.9	22.486	0.39364	102.16	5.8036e-09	1.7153
482	4693.3	37.715	0.43247	1402.7	1.3885e-08	0.00075761
483	4396.9	30.952	0.41189	1653.6	3.9636e-09	0.00087264
484	7637.7	26.943	0.34863	573.71	1.0233e-08	0.00089409
485	7280.5	30.86	0.36744	320.98	3.0089e-09	0.00075893
486	7728.3	26.038	0.48208	1396.2	1.1568e-08	0.39159
487	2542.4	32.679	0.35102	371.2	3.3997e-09	0.00089379
488	2284.1	26.207	0.3107	1873.6	8.9933e-09	0.00071999
489	2458.9	24.504	0.27953	889.41	1.8055e-08	0.00078819
490	3833.9	27.229	0.46906	2409.7	4.9218e-09	1.1896
491	5820.9	28.871	0.48517	1964.8	8.2031e-09	0.059108
492	7949.9	33.26	0.43869	199.22	2.7563e-09	0.00087499
493	5594.3	25.338	0.31678	2407	1.6559e-08	0.00083986
494	2355.4	36.049	0.30574	599.3	1.2225e-08	0.00091444
495	5161.5	29.564	0.35858	894.75	1.875e-09	0.00079605
496	7199.1	32.814	0.48368	2324.9	6.0578e-09	0.00079872
497	1839.4	24.813	0.34058	2050.8	1.0011e-08	0.00085662
498	1947.2	26.287	0.34967	2447.2	1.9432e-09	0.00078455
499	3795.2	24.947	0.37887	2755.6	1.4691e-08	0.00093922
500	5228.3	35.882	0.40107	1682.7	5.0342e-09	0.000804
501	2864.9	26.974	0.38825	1201.4	7.5764e-09	1.0241
502	1959	25.029	0.38756	2684.8	5.5849e-09	0.59555
503	7367.6	29.05	0.41353	1065.1	6.1063e-09	0.00075423
504	4944.3	27.65	0.36231	1130.3	5.4112e-09	0.00088188
505	2238.3	38.935	0.4461	2275.2	1.6904e-08	0.00084783
506	2548.5	30.734	0.42707	1273.7	3.2091e-09	0.54645
507	2982.2	24.686	0.29534	1623.3	4.3369e-09	0.00096192
508	6718.6	25.264	0.34019	912.31	1.5777e-08	0.00091047
509	6088.4	22.665	0.33308	2776.7	1.6604e-08	0.00087014
510	2650.1	27.382	0.42716	1771.1	1.2637e-08	1.4416
511	4176.5	33.541	0.39402	114.57	6.8224e-09	0.0008691
512	1416	38.952	0.37623	1375	1.2871e-08	0.00081271
513	7213.8	33.307	0.48569	1555.9	1.0575e-08	0.00090303
514	5864.1	22.509	0.32889	859.32	1.9319e-08	0.00089071
515	2939.9	21.925	0.42494	1127.7	1.3515e-08	3.2852
516	4598.4	33.623	0.43447	2631.8	7.9372e-09	0.00078833
517	5969.6	24.558	0.27639	298.29	4.7086e-09	0.00087431
518	2628	30.396	0.31043	963.17	1.5862e-08	0.00084669
519	4817.9	32.338	0.49018	2039	2.8643e-09	0.00094995
520	1646.6	29.127	0.43409	1072.7	9.3804e-09	2.0229
521	7723	37.662	0.48193	2235.6	1.8281e-09	0.00090504
522	1992.5	34.698	0.47838	181.67	1.6732e-08	1.502
523	2798.7	34.254	0.38224	2585.8	3.2194e-09	0.0009379
524	5613.5	25.675	0.44289	2226	1.4183e-08	0.46221
525	1711.8	29.671	0.35946	634.07	1.6651e-08	0.00083155
526	2373.9	30.43	0.32292	1931.3	3.9104e-09	0.00080207
527	3095.5	23.458	0.36922	1810.7	1.3383e-08	1.4488
528	6312	25.724	0.33201	669.98	1.2763e-08	0.00087422
529	3208.9	29.222	0.4171	435.39	1.5447e-08	1.7078
530	2921.6	32.552	0.28583	1838.8	1.9692e-09	0.00087899
531	5524.7	24.053	0.46657	1666.4	1.8823e-08	1.2086
532	2187.6	29.162	0.28183	2397.9	1.079e-08	0.00084682
533	6950.1	26.673	0.33635	2318.9	2.1081e-09	0.00083561
534	2391.4	32.693	0.43236	2706.8	1.8809e-08	0.00083419
535	3499.5	26.534	0.46579	1230.4	1.3729e-08	2.0895
536	7070.4	30.632	0.47145	49.8	5.8318e-09	0.00097493
537	2998.1	25.684	0.44124	2053.2	7.9264e-09	4.0102
538	2308.9	20.92	0.36832	989	8.3028e-09	1.1959
539	2124.1	32.505	0.30549	2346.2	3.3433e-09	0.00068984
540	7999.6	27.996	0.43592	2748.6	1.4179e-08	0.00082897
541	4939	25.419	0.44034	178.29	7.7547e-09	2.9119
542	5657.4	37.335	0.48362	583.3	1.7462e-08	0.00090735
543	6066.1	21.526	0.28458	1184.4	9.506e-09	0.00088817
544	3397.3	33.821	0.40873	1994.6	4.2022e-09	0.00084946
545	6543.4	21.396	0.42958	720.51	1.6884e-08	2.786
546	3254.7	38.816	0.43632	514.7	1.6373e-08	0.0008123
547	2218.7	28.691	0.42559	853.42	1.2754e-08	2.4914
548	4615.6	21.541	0.42424	530.02	6.4059e-09	2.2596
549	5159.4	34.025	0.43773	1794.4	1.2986e-08	0.00087195
550	7113.4	23.018	0.33903	2231.2	9.0522e-09	0.00097513
551	3851.4	22.417	0.40747	1232.9	1.8633e-08	1.3265
552	2040.5	33.323	0.3344	2059.4	4.6534e-09	0.00081241
553	1625.2	31.963	0.38391	2926.2	1.1654e-08	0.00077049
554	3744.9	30.173	0.47555	1415.6	1.1244e-08	0.62078
555	4429.4	25.85	0.46331	2086.9	1.6664e-08	2.3997
556	4801.4	29.077	0.36668	2147.5	3.8734e-09	0.00079616
557	2076.4	27.888	0.37504	375.51	1.7435e-08	1.1442
558	4915.4	37.338	0.36987	1565.8	2.4486e-09	0.00090467
559	1650.6	27.36	0.34825	2784.5	9.4628e-09	0.00084058
560	5364.9	23.19	0.46207	219.59	1.8942e-08	1.9994
561	1918.8	38.037	0.31333	1200.8	5.4564e-09	0.00087533
562	1608	25.592	0.30997	2800.2	1.107e-08	0.00087412
563	5367.3	23.84	0.36688	145.65	1.2259e-08	0.98889
564	1564	23.661	0.354	2362.4	1.4024e-08	0.18197
565	2784.2	31.328	0.2755	1247.3	6.7047e-09	0.00088349
566	4255.5	37.619	0.36369	981.85	2.7425e-09	0.00085241
567	2192.1	35.532	0.43715	1558.4	7.3955e-09	0.00095968
568	5534	32.842	0.50091	2018.8	1.2698e-08	0.00081629
569	4117.7	24.786	0.28776	686.3	1.5159e-08	0.00083752
570	5445.2	33.673	0.42939	2703	1.8492e-08	0.00083686
571	5460.6	23.496	0.40001	934.75	1.2095e-08	1.6488
572	1670.5	35.689	0.49584	2123.3	1.1879e-08	0.00088477
573	3381.7	23.248	0.29561	1088.8	1.5761e-08	0.00093693
574	3401.5	38.235	0.39511	394.61	3.2293e-09	0.00078886
575	5879.1	23.871	0.37767	1979.8	1.9262e-08	0.00090813
576	3200.9	35.407	0.33802	678.37	3.9208e-09	0.00083343
577	4337.5	31.026	0.38285	1103.5	7.6872e-09	0.00082649
578	6430.2	21.996	0.4235	1946	1.2668e-08	2.1173
579	8027.7	38.157	0.44317	1598.9	9.1786e-09	0.00084418
580	5887.9	23.883	0.31637	469.61	9.5021e-09	0.00074377
581	4265.3	36.537	0.49832	306.3	1.7075e-08	0.00080792
582	7541.4	21.703	0.29591	995.44	1.557e-08	0.00084187
583	6043.2	36.298	0.42875	484.7	2.546e-09	0.00069703
584	4389.8	24.611	0.46746	2476.9	5.6519e-09	1.4321
585	2515.9	33.866	0.44681	1878.3	1.4041e-08	0.00086414
586	5634.7	37.646	0.45101	2922.8	9.0674e-09	0.00077248
587	1520.9	30.256	0.27795	2297.7	3.0985e-09	0.00082692
588	2742.8	22.537	0.27436	2535.9	1.8485e-08	0.00078518
589	1212.7	27.3	0.39266	1498.8	1.8154e-08	0.32725
590	1762	37.371	0.35417	2435.9	1.1251e-08	0.00086566
591	7386.2	33.442	0.42914	533.18	1.1714e-08	0.00081418
592	1107.4	38.928	0.35472	1150.9	1.6481e-08	0.00088151
593	4942.1	36.444	0.49133	1516.2	1.3005e-08	0.00087747
594	7253.6	23.727	0.31756	2944.5	1.923e-08	0.00081481
595	7890.8	21.572	0.31925	624.75	1.2914e-08	0.000877
596	6142.9	28.248	0.36967	1452.4	3.9629e-09	0.00085446
597	2252.6	21.61	0.3776	1459.5	7.5194e-09	1.0387
598	1525.4	35.766	0.4586	2288.1	1.8573e-08	0.00083264
599	4704	21.768	0.47616	1830	1.8279e-08	1.9216
600	6079.3	27.919	0.38527	707.67	1.7979e-09	0.00077352
601	5599.4	36.122	0.47576	943.62	1.3349e-08	0.0008127
602	4144.2	27.098	0.43992	2402.6	1.2462e-08	0.50693
603	6025.9	34.705	0.42439	2245.8	1.0049e-08	0.0008382
604	7696.9	25.996	0.45914	1662.6	1.9061e-08	0.11905
605	4780	37.807	0.4402	403.61	1.3315e-08	0.00083223
606	3457.5	28.138	0.46775	1696.7	1.498e-08	1.0135
607	2160	38.065	0.36622	342.39	1.7739e-08	0.00079223
608	5566.8	33.335	0.27373	2404.2	2.7349e-09	0.00088405
609	1207.5	32.967	0.29024	1259.5	1.6549e-08	0.00080501
610	6640.1	20.714	0.42117	2247.8	5.5547e-09	1.1422
611	2618.8	30.231	0.38795	1100.1	9.2632e-09	0.00087612
612	6774.2	32.501	0.41918	170.89	1.4518e-08	0.00093471
613	3452.9	23.473	0.40556	1939.3	4.2121e-09	0.80472
614	6219.2	24.153	0.30602	2076.3	1.4192e-08	0.00078547
615	2012.1	28.262	0.43347	2229.5	6.8526e-09	1.2465
616	5764.2	30.712	0.34804	1393.3	3.6491e-09	0.00082588
617	4561.3	30.544	0.27732	2545.8	3.3714e-09	0.00090833
618	3149.9	38.522	0.41303	800.08	5.3336e-09	0.00091276
619	4020.2	21.051	0.31031	2130	1.9006e-08	0.00096285
620	7018.1	28.274	0.40486	2726.9	5.1717e-09	0.00094605
621	4984	37.993	0.50118	2376.5	1.2327e-08	0.00087748
622	7737.4	30.386	0.49713	1308.1	8.8574e-09	0.00084429
623	2814.6	26.56	0.41236	648.09	1.0305e-08	3.2197
624	3754.9	37.311	0.50375	588.27	1.1753e-08	0.00080138
625	1615.6	28.99	0.42669	1816.1	1.6278e-08	1.5037
626	3844.4	31.301	0.38724	86.133	7.9937e-09	0.22617
627	7151.9	35.974	0.45736	662.43	1.1271e-08	0.00077651
628	1828.3	20.947	0.34955	855.6	1.5963e-08	0.84066
629	5085.5	26.215	0.28474	1618.3	4.437e-09	0.00090197
630	2842	31.663	0.37855	918.07	7.0191e-09	0.00086831
631	2635.9	27.762	0.44865	1986.6	1.4655e-08	1.9158
632	4851.1	20.732	0.35567	665.33	1.0433e-08	1.903
633	4066.9	27.458	0.42588	2457.1	1.3676e-09	0.00099078
634	7928.3	31.946	0.43253	1681.5	4.8834e-09	0.00082296
635	5055.9	23.044	0.31873	2657.3	1.0593e-08	0.00086361
636	6655.8	37.361	0.4693	2267.4	7.9665e-09	0.00091012
637	3665.5	27.119	0.40786	1227.1	5.966e-09	0.32379
638	6196.7	28.357	0.44927	1953.5	1.7912e-08	0.00080311
639	2660.4	21.335	0.28377	2329.5	1.6865e-08	0.00083848
640	7107.9	34.017	0.31233	1647.7	1.2405e-09	0.00078513
641	2018.3	33.616	0.46504	2808.7	1.929e-08	0.00085953
642	6200.5	24.843	0.49799	978.26	1.0629e-08	1.7849
643	4867.1	21.834	0.36493	331.27	5.2417e-09	1.571
644	2677.3	29.608	0.29119	2945.1	1.0456e-08	0.00078422
645	4950.1	23.693	0.30439	250.37	1.28e-08	0.00083429
646	1399.3	37.178	0.30912	1775.3	3.5473e-09	0.0008696
647	4750.4	29.545	0.3519	1651.2	5.5493e-09	0.00086363
648	4643.6	24.72	0.50029	1906.4	7.1947e-09	1.8254
649	3196.2	26.92	0.41883	2008.1	3.4157e-09	1.7007
650	1292.4	36.704	0.3032	1547.1	1.8651e-08	0.00086993
651	7868.4	21.246	0.45675	2689.5	1.5298e-08	0.9195
652	4468.8	21.683	0.36204	1851.9	6.0698e-09	1.9181
653	1660.5	33.202	0.29137	2578.5	1.8787e-08	0.00081667
654	6360.2	27.986	0.46669	2034.9	1.4121e-08	0.00097889
655	1706.8	34.859	0.35669	436.21	8.1423e-09	0.00093964
656	1855	29.212	0.38616	1782.2	9.9798e-09	0.00082285
657	3384.6	26.454	0.28631	2735.4	9.791e-09	0.00086855
658	5621.1	21.464	0.47733	2598.5	1.4081e-08	2.578
659	6588.7	25.737	0.34999	2421.5	1.4223e-08	0.00084024
660	2453.7	37.319	0.48479	2204.4	6.1374e-09	0.0008606
661	5049.7	27.729	0.37213	890.76	1.0986e-08	0.0008227
662	7507.8	29.892	0.45152	2664.5	9.9103e-09	0.00085774
663	2612.9	26.838	0.46229	1058.7	1.7875e-08	3.7159
664	7603.7	26.015	0.35048	389.61	7.6736e-09	0.00071769
665	2360.7	32.663	0.48759	468.11	1.3578e-08	3.4073
666	4769.4	22.353	0.45566	911.65	9.2121e-09	1.3783
667	3569.5	37.535	0.42148	2582.7	1.4359e-08	0.00077811
668	1113.1	31.77	0.44619	1707.4	1.2951e-08	0.56195
669	2551.5	31.357	0.30672	631.91	1.4114e-08	0.00088283
670	3099.8	20.214	0.2867	2826	9.1925e-09	0.0008163
671	1901.9	29.627	0.34751	346.89	1.2495e-08	0.00079901
672	5812.5	21.734	0.46154	1067.4	8.7277e-09	1.3658
673	2737.1	32.036	0.41814	921.62	6.5621e-09	0.0009526
674	3180.4	37.419	0.30031	1867.8	3.4677e-09	0.00096198
675	2672.7	29.587	0.38669	2481.1	9.5899e-09	0.00076231
676	2713.3	25.864	0.35229	1464.5	5.9794e-09	0.00090269
677	4555.1	32.606	0.42992	2740.4	1.5212e-08	0.00083718
678	5686.9	27.802	0.33387	2456.6	4.8059e-09	0.0008736
679	2508.6	31.38	0.50334	1317.9	7.0718e-09	2.7389
680	6992.1	27.523	0.38114	2124.4	8.2091e-09	0.00088889
681	3038.3	22.871	0.46991	1405.1	9.7836e-09	2.8057
682	6529.2	34.922	0.40764	226.01	1.1813e-08	0.00078612
683	3088	25.079	0.49041	2548.2	1.5266e-08	1.286
684	2875.8	29.303	0.48284	318.14	1.5816e-08	3.6049
685	1781.2	33.825	0.40722	771.91	3.414e-09	0.00080303
686	1110	37.718	0.32149	1487.2	3.5295e-09	0.00078708
687	5122.4	28.841	0.45755	1099.5	1.123e-08	0.36194
688	7484.5	34.36	0.4922	1417.9	7.945e-09	0.00084959
689	7248.7	31.346	0.45696	1096.3	1.8349e-08	0.00081714
690	4680	22.47	0.41386	961.53	9.3674e-09	1.2124
691	4911.6	38.674	0.40859	1095	2.3583e-09	0.00088565
692	2216.5	34.114	0.30195	148.04	6.4715e-09	0.0009967
693	6816.8	25.051	0.36418	2153.4	1.8558e-08	0.00090875
694	2464.8	29.026	0.40436	276.01	1.9316e-08	5.2693
695	7177.3	29.999	0.3066	658.65	2.5597e-09	0.00085432
696	5270.6	33.679	0.39154	2648.2	1.6388e-09	0.00094727
697	5551.8	32.782	0.36574	1342.3	3.445e-09	0.00092719
698	1146.6	28.616	0.41366	1241.5	9.0111e-09	0.5764
699	2349.7	36.63	0.42878	1548.9	1.3609e-08	0.00076198
700	5410.8	36.94	0.44741	804.73	2.4044e-09	0.00075863
701	7705.3	29.828	0.39773	605.08	5.0261e-09	0.0007359
702	6301.7	25.413	0.45995	2155.2	6.3558e-09	0.96826
703	7901.7	24.007	0.39754	2568.3	1.5252e-08	0.00076495
704	4498.9	29.226	0.47995	756.34	7.4661e-09	1.6794
705	2195.3	24.252	0.39756	1050.1	3.7537e-09	3.1546
706	1637.1	24.364	0.27689	282.87	1.1725e-08	0.00076262
707	4832.4	23.029	0.39788	2098.5	1.489e-08	0.99829
708	4602.5	22.097	0.27419	2508.1	1.8599e-08	0.0008016
709	2262.1	27.33	0.30712	2719.1	1.8957e-08	0.00085669
710	6424.5	31.404	0.35431	2302.8	3.5577e-09	0.00077851
711	3916.5	37.602	0.28327	835.74	2.2398e-09	0.00092445
712	6801.3	24.801	0.44629	2940.4	8.3686e-09	0.14894
713	7686.5	23.63	0.28191	1683.5	7.2346e-09	0.00084337
714	1999.9	33.859	0.2994	2717.4	1.1615e-08	0.00081646
715	7807.9	20.24	0.40203	2744.6	1.0743e-08	0.5766
716	2436.9	30.241	0.33616	1142	1.1853e-08	0.00091256
717	1951	26.666	0.45604	1288.1	4.3467e-09	4.9956
718	6379.9	35.068	0.35247	1335.4	2.9326e-09	0.00083075
719	6022.8	21.364	0.28889	152.89	6.2893e-09	0.00096696
720	1681.5	36.236	0.44403	719.75	1.1734e-08	0.00084335
721	2288.9	27.965	0.49723	701.98	1.3904e-08	8.9212
722	5716.7	33.133	0.48244	430.74	7.6002e-09	0.00085034
723	5738.3	28.547	0.4195	688.92	5.0902e-09	0.015285
724	1597.3	35.038	0.42968	968.44	4.8604e-09	0.00081194
725	5674.6	25.936	0.40939	2029.8	1.3981e-08	0.00093601
726	1179.2	26.325	0.38148	673.13	1.8706e-08	0.51804
727	5021.4	29.292	0.44069	2678.5	4.1004e-09	0.00071282
728	4795.3	24.269	0.3963	473.59	8.8432e-09	1.7234
729	2790.9	35.218	0.33727	1110.8	4.2538e-09	0.00090667
730	1905.1	30.787	0.30985	850.49	1.0096e-08	0.00082643
731	5016.1	20.13	0.34233	1522.3	1.836e-08	1.2209
732	4652.8	34.756	0.43856	1221.9	1.2439e-08	0.00076792
733	7159.1	29.111	0.47237	2741.4	1.6984e-08	0.00073465
734	4155.1	26.105	0.35715	26.273	4.9349e-09	1.1369
735	2854.1	30.657	0.49491	2791.8	1.2198e-08	0.34333
736	5916.8	35.955	0.41417	864.98	1.6692e-09	0.00089939
737	6653.3	33.309	0.44352	645.27	1.7356e-08	0.0007804
738	7035.7	36.068	0.47248	1866.2	1.0469e-08	0.00079401
739	7655.5	20.287	0.42049	2190.3	1.0822e-08	0.71872
740	2244.8	28.06	0.31816	471.36	1.8255e-08	0.00078325
741	6037.3	38.306	0.37005	1669.6	3.9038e-09	0.00090804
742	3599.7	31.553	0.4057	1322.9	1.8969e-08	0.00094721
743	4201.4	37.494	0.42518	1093.5	1.3937e-08	0.00098183
744	3171.8	22.014	0.344	2192.7	2.6274e-09	0.23367
745	2097.6	35.25	0.39041	1243.2	6.689e-09	0.00087653
746	5905	35.141	0.49433	1876.9	1.3225e-08	0.00094219
747	3146	22.553	0.42566	2467.1	1.7994e-08	2.4982
748	1200.3	27.222	0.37228	942.87	1.5282e-08	2.1184
749	5944.1	24.48	0.3271	2675.1	2.2334e-09	0.00085783
750	7308.3	24.258	0.45203	1819.2	8.8065e-09	1.4353
751	2569	25.431	0.41616	454.37	1.5604e-08	4.9377
752	1366	34.736	0.41922	1189	1.344e-08	0.00093908
753	3091.9	22.857	0.30051	903.97	4.7283e-09	0.00085996
754	5747.3	31.898	0.45748	99.105	3.4774e-09	0.00088629
755	4617.4	29.443	0.31122	500.03	3.1973e-09	0.00087346
756	4762.8	21.357	0.39178	1552.9	8.9462e-09	1.2367
757	7778.4	34.633	0.43097	30.286	1.108e-08	0.00082378
758	5999.2	26.44	0.39094	2730.8	8.8524e-09	0.00081552
759	3450.7	31.816	0.32247	681.54	1.7653e-09	0.00081889
760	4128.4	30.875	0.4897	2571.2	4.1238e-09	0.042199
761	2952.3	25.737	0.27315	1977.5	1.262e-08	0.00081441
762	1439.9	22.3	0.37196	1748.2	1.0893e-08	0.42
763	4310	34.677	0.43063	2294.1	7.5623e-09	0.00084563
764	3985.3	26.475	0.4373	887.71	7.5093e-09	1.203
765	3771.2	21.408	0.27525	1407.2	2.489e-09	0.00095493
766	5630.3	24.3	0.29439	2107.1	1.852e-08	0.00078471
767	1341.7	32.174	0.28165	1745.8	1.7083e-08	0.00074553
768	6754.1	25.768	0.4551	175.6	9.4106e-09	0.94323
769	6082.3	25.363	0.44333	2335.3	1.7724e-08	0.70589
770	6478	34.103	0.46142	2449.3	1.0188e-08	0.00082651
771	5519.1	20.932	0.34194	1501.8	8.8805e-09	0.4338
772	1745.3	37.728	0.35277	2003.3	6.9294e-09	0.00086202
773	7668.1	28.235	0.48418	2642.5	1.4349e-08	0.00085293
774	6030	22.884	0.35899	1988.2	5.6226e-09	0.00095975
775	8009.6	32.407	0.42388	2574.7	4.4595e-09	0.00076644
776	1257.1	35.93	0.33889	695.26	9.1374e-09	0.00097382
777	2566	27.259	0.30879	1175	1.1779e-08	0.00085949
778	1156.5	33.895	0.43425	2355.3	1.8464e-08	0.00077271
779	2681.1	24.343	0.44001	966.52	1.4753e-08	4.0799
780	1894.4	21.791	0.35013	737.83	1.6611e-08	0.4645
781	2147.1	36.253	0.48327	767.14	6.2408e-09	0.0008386
782	1493	32.214	0.33784	2861.2	1.4781e-08	0.00083978
783	2601.4	29.76	0.45031	1890.7	1.0331e-08	1.5609
784	4256.8	26.301	0.35973	2363.5	1.8596e-08	0.00084493
785	6897.8	23.574	0.49305	1086.1	9.1871e-09	1.3017
786	1756.4	37.763	0.46984	2768.7	5.2265e-09	0.00098315
787	2706.5	38.889	0.5046	2280.1	1.5143e-08	0.00092374
788	7003.3	35.079	0.42322	2432.4	4.8337e-09	0.00086686
789	7701.5	21.233	0.30655	242.3	9.5229e-09	0.00083371
790	2085	31.257	0.38687	854.97	1.1667e-08	0.00085023
791	3326.9	20.221	0.32724	2332.3	8.9189e-09	0.1626
792	3634.4	25.169	0.34093	450.43	1.0692e-08	0.24461
793	3114.4	34.032	0.44183	193.92	4.446e-09	0.67867
794	3104.6	34.752	0.46611	2223.2	1.7966e-08	0.00082671
795	3872.6	30.529	0.37404	79.38	1.4836e-08	0.21219
796	5261	21.211	0.33472	1116.9	9.631e-09	0.70709
797	7802.6	38.709	0.42063	1135.9	2.0146e-09	0.00085798
798	4091	31.371	0.46519	2338.1	3.9887e-09	0.00079896
799	4541.8	23.294	0.40315	1220.3	1.4582e-08	2.3585
800	5405.6	23.237	0.38082	1808.3	1.2826e-08	0.46782
801	4999.7	37.115	0.43646	2452.4	2.619e-09	0.00076483
802	2720.3	35.278	0.41208	461.89	2.6826e-09	0.00086459
803	2494.6	26.875	0.40689	2184.4	1.6505e-08	0.54973
804	2555.8	24.524	0.47267	1922.3	1.5559e-08	5.3149
805	1310	36.194	0.44451	1820.4	1.9265e-08	0.00091109
806	2382.8	32.885	0.3806	69.66	1.2525e-08	0.25995
807	3231.8	32.957	0.33597	2025.7	1.086e-09	0.00082025
808	6878.8	26.437	0.28275	746.45	3.1873e-09	0.00085683
809	5335.2	22.061	0.38931	1000.6	8.0853e-09	0.7755
810	3981	26.158	0.42645	2411.3	3.3262e-09	0.90931
811	3046.7	32.802	0.42132	1533.7	1.6793e-08	0.00081846
812	2589.1	21.164	0.37012	2697.5	1.5202e-08	0.49993
813	4951.3	30.365	0.42242	1619.4	1.7647e-08	0.00083104
814	2324.8	38.947	0.38576	1258	5.2701e-09	0.00089958
815	7714.1	30.099	0.45409	1047.6	8.6224e-09	0.00084566
816	5962.7	27.565	0.37614	1473.2	1.3328e-08	0.00087616
817	7125.1	35.68	0.27565	1060	2.6696e-09	0.00097035
818	5091.4	31.567	0.46382	2145.1	1.5836e-08	0.00090237
819	3542.2	38.577	0.41794	2334.2	1.3621e-08	0.0009756
820	4954.6	26.417	0.49569	1159	5.4168e-09	1.6552
821	6448.5	24.82	0.38601	765.26	1.6446e-08	0.67398
822	1259.5	24.541	0.29526	2680.4	9.2787e-09	0.00090233
823	1474	36.092	0.31744	70.772	1.0759e-08	0.00077355
824	4805.7	36.894	0.32796	2091.2	2.7582e-09	0.00091754
825	7592.9	30.725	0.38072	2842.3	4.0759e-09	0.00078916
826	1760.8	34.44	0.4438	619.1	3.6418e-09	0.85528
827	5694.3	34.185	0.48774	2572.9	3.287e-09	0.00084945
828	6094.2	25.163	0.45398	791.58	1.6075e-08	1.0039
829	4536.8	37.155	0.4209	2400.5	5.0558e-09	0.0009018
830	6304.1	25.909	0.38235	2339.8	4.6651e-09	0.00088701
831	4012.6	22.4	0.3811	2544.1	8.5114e-09	1.1559
832	1591.8	33.492	0.38987	2045.8	1.3818e-08	0.00087013
833	1795.3	38.757	0.28796	2889.9	1.2405e-08	0.00078333
834	4836.7	33.698	0.39135	2095.8	1.5221e-09	0.00085184
835	7196.2	25.713	0.44426	2119.8	1.5966e-08	0.13442
836	4907.6	29.743	0.47113	2246.2	8.2451e-09	0.10305
837	7064.4	31.903	0.40149	689.98	6.1673e-09	0.00082563
838	2532.2	27.696	0.33702	133.7	9.7203e-09	0.3366
839	7342	38.866	0.43902	1874.7	1.7775e-08	0.00081947
840	3227	38.623	0.39866	1671.2	5.1051e-09	0.00081152
841	5370.5	28.418	0.39682	1848.7	4.0052e-09	0.00078807
842	2729.8	28.746	0.29775	733.49	2.2768e-09	0.00081405
843	1166.4	30.218	0.34291	1133	1.8446e-08	0.00085064
844	3669.9	25.042	0.37299	2106.3	5.8479e-09	0.00096385
845	2689.8	23.978	0.43188	1089.8	1.7138e-08	4.3804
846	1554.9	35.23	0.42155	2849.9	1.4658e-08	0.00083073
847	7227.1	36.849	0.48344	2794.5	1.6363e-08	0.00086898
848	5342.2	29.18	0.39657	361.94	1.433e-08	0.096636
849	6316.6	33.507	0.43382	2761.2	1.7198e-08	0.00083638
850	3468.6	24.601	0.32255	2181.3	1.0086e-08	0.00084924
851	1983.5	37.047	0.38532	1879.9	1.738e-08	0.00089301
852	4352.4	32.602	0.49905	2528.3	1.5172e-08	0.00091009
853	5249.7	24.359	0.34558	1018.3	4.9064e-09	0.00080033
854	5888.3	21.386	0.35173	2750.6	1.3582e-08	0.00078389
855	2067.1	25.636	0.37603	1467.1	7.9013e-09	0.33963
856	6247.9	25.108	0.30727	2506.2	1.5628e-08	0.00085411
857	5026.5	38.023	0.48793	2764.7	7.7686e-09	0.00084311
858	7149.4	30.071	0.50202	738.14	3.8055e-09	0.00087652
859	7318.4	28.715	0.31862	123.43	3.6919e-09	0.00091751
860	2158.4	36.458	0.3508	958.33	4.3819e-09	0.00082133
861	5999.8	30.144	0.46233	2881.2	1.5075e-08	0.00079543
862	3774.6	20.952	0.43086	991.18	1.4486e-08	2.6616
863	1318.6	32.15	0.36807	2426.1	1.9119e-08	0.00094263
864	1254.9	34.219	0.31738	324.09	1.3761e-08	0.00086528
865	4839.2	22.802	0.27369	2385.6	1.5661e-08	0.00082093
866	7600.6	23.651	0.43689	559.7	5.3646e-09	0.59973
867	5011.4	26.178	0.4892	2144	1.633e-08	2.9244
868	5910.9	27.249	0.36732	143.56	2.2918e-09	0.00095603
869	1384.9	32.198	0.30088	118.48	1.0103e-08	0.00085566
870	6151.5	36.665	0.38456	1404.4	1.3969e-09	0.00079835
871	5279	24.1	0.37782	1700.5	2.6939e-09	0.23442
872	6019.6	37.686	0.34345	2290.3	2.1549e-09	0.00086754
873	5290	21.395	0.30001	941	1.8171e-08	0.00079567
874	6510.5	30.705	0.42466	2212	1.821e-08	0.0008896
875	6436.1	37.768	0.50443	218.13	1.4858e-08	0.00087936
876	3273.8	22.2	0.28875	571.39	1.7149e-08	0.00080338
877	4442.7	22.124	0.41493	150.59	8.8706e-09	1.6501
878	6612.4	24.029	0.31983	2238.7	1.8623e-08	0.00087295
879	5355.4	25.478	0.41891	1503.4	1.1917e-08	0.40643
880	6168.2	32.082	0.29031	290.4	2.9302e-09	0.00084012
881	4991.7	37.795	0.45715	2206	3.6822e-09	0.00088916
882	1243.6	30.891	0.38136	539.55	1.2065e-08	0.35482
883	1540.3	30.117	0.40741	2183.8	3.0392e-09	0.00090855
884	6738.3	33.217	0.28531	1849.1	1.6979e-09	0.00081168
885	7561.4	21.154	0.31546	291.85	8.306e-09	0.13412
886	3120.9	26.747	0.34489	216	1.3137e-08	0.36035
887	2595	38.474	0.39964	1889.6	9.1695e-09	0.0007775
888	7115.5	25.384	0.30577	2518.9	1.6836e-08	0.00084653
889	2830.2	38.09	0.43399	827.67	5.0605e-09	0.00088329
890	5780.1	28.007	0.29168	93.79	2.0413e-09	0.00070196
891	1722.8	37.14	0.50297	2590.8	1.7559e-08	0.00088864
892	2855.8	35.83	0.4091	553.59	1.016e-08	0.00080127
893	1570.7	27.323	0.41332	2132.2	7.2778e-09	0.89023
894	7860.6	35.3	0.41659	237.22	1.0704e-09	0.00083938
895	2725.3	31.417	0.46069	2919.1	8.1577e-09	0.0007222
896	4019.7	21.931	0.39018	2018.1	1.5061e-08	1.2967
897	2226.7	30.993	0.31349	1426.5	1.3187e-08	0.00085743
898	3975.2	29.65	0.39214	2511.9	1.3162e-08	0.00087805
899	4086.7	20.768	0.34669	548.46	1.7113e-08	1.0412
900	4305	29.884	0.38602	320.07	1.6498e-08	0.062494
901	6119.6	21.443	0.30636	2774.5	2.257e-09	0.00085986
902	7241.8	21.238	0.37866	1857.2	1.7043e-08	0.63342
903	1286.1	35.51	0.33238	1956	3.0809e-09	0.00081174
904	2224	27.453	0.36309	1348.8	1.5623e-08	0.00076922
905	6551.5	25.962	0.4357	1336	5.5081e-09	0.29457
906	5377.4	25.403	0.36003	2622	4.512e-09	0.00082094
907	7011.6	28.633	0.2861	433.65	5.0825e-09	0.00086949
908	3412.8	27.736	0.29545	119.99	1.2315e-08	0.00078558
909	1219.2	36.811	0.33134	2253.8	3.2567e-09	0.00091924
910	4829.5	32.515	0.46055	2736.8	1.9166e-08	0.00082238
911	5857.7	34.146	0.29082	2127.7	3.0163e-09	0.00079085
912	3527.8	26.111	0.47642	566.15	7.6256e-09	6.2806
913	1139.9	36.279	0.32339	2150.1	9.7467e-09	0.00080394
914	6828.3	33.529	0.50296	2646.3	8.2229e-09	0.00087476
915	4511.6	33.664	0.46782	1479	1.4082e-08	0.00079151
916	2585.2	32.218	0.50192	818.91	1.5638e-08	3.4118
917	6708.3	25.799	0.45236	2445.7	7.1117e-09	0.10831
918	5987.2	38.048	0.30977	41.055	1.0421e-08	0.00079976
919	3715.5	23.783	0.34838	373.8	9.709e-09	1.636
920	5602.8	32.344	0.4401	2102.3	5.4455e-09	0.00079781
921	4097.2	23.358	0.30779	2016.3	1.6339e-08	0.00088646
922	6295.7	27.062	0.45217	253.04	2.5281e-09	0.43174
923	7659.4	28.591	0.31501	273.68	5.5204e-09	0.00087067
924	6491.9	30.927	0.46528	2271.9	6.3712e-09	0.00077896
925	1359.4	23.736	0.38094	1537.8	9.9344e-09	0.71825
926	7361.9	25.46	0.50209	1481.8	1.3963e-08	0.94465
927	4743.3	20.539	0.45056	2762.2	1.0535e-08	3.4958
928	1777.7	33.154	0.32094	871.43	2.2723e-09	0.00081771
929	2909.5	31.952	0.32978	1997.8	5.6965e-09	0.0008182
930	4224	28.22	0.34575	2036.8	4.3232e-09	0.00093074
931	4586.9	21.97	0.39526	74.329	1.2639e-08	1.5723
932	2654.7	27.495	0.28684	2323.1	7.8571e-09	0.00078931
933	7811.2	27.545	0.42365	1238.1	9.8772e-09	0.00083334
934	3314	38.73	0.30517	421.85	5.3546e-09	0.00083208
935	3081.8	30.544	0.35991	2556.2	8.1341e-09	0.00093264
936	2366.4	25.519	0.42806	1332.5	2.8425e-09	4.3169
937	5133.4	22.596	0.40086	1609.3	1.7451e-08	0.86226
938	4936.3	24.644	0.40356	1814.7	4.558e-09	0.53756
939	3812.2	20.599	0.32616	568.95	1.0601e-08	1.1962
940	2756.7	37.235	0.44517	1333.3	1.6112e-08	0.00082962
941	4654.3	36.889	0.37315	863.09	4.8235e-09	0.00083332
942	2135.6	38.967	0.32639	1575	1.191e-08	0.00081664
943	1722.5	25.69	0.37919	2109.6	1.4868e-08	0.31558
944	2896.6	24.751	0.36485	999.92	6.414e-09	3.5205
945	1462.2	27.906	0.40497	741.13	1.4104e-08	0.57115
946	6173.5	36.132	0.46219	2778.3	6.7189e-09	0.0008114
947	2027.3	30.467	0.49952	616.5	1.3592e-08	2.9499
948	6333.5	34.165	0.44641	2282.5	1.0373e-08	0.00085621
949	6549.2	22.734	0.45019	481.52	1.8313e-08	1.8345
950	3892.9	31.217	0.48502	1657.1	1.6143e-08	0.10228
951	5583.4	34.486	0.44151	523.77	2.1446e-09	0.00083182
952	2177.6	26.009	0.37434	1690.8	6.7108e-09	0.50016
949	6549.2	22.734	0.45019	481.52	1.8313e-08	1.8345
954	5397.9	26.805	0.35093	2840.5	7.6054e-09	0.00075202
955	6623.4	26.025	0.50218	775.69	6.2362e-09	0.92348
956	3709.3	24.29	0.3887	2615.1	1.8352e-08	0.63663
957	3605.4	32.736	0.44689	886.68	1.8146e-08	0.0008557
958	6533.8	38.74	0.3801	884.12	1.513e-09	0.00090158
959	2092.8	26.521	0.28734	2557.9	1.3738e-09	0.00087029
960	6276.2	20.671	0.33569	2905.5	9.605e-09	0.00078656
961	1630.9	31.53	0.39342	1854.4	9.0424e-09	0.00097568
962	7944.7	27.094	0.48032	105.33	1.5098e-08	0.20293
963	4963.8	32.453	0.49604	192.43	1.6172e-08	0.43291
964	7206.9	21.826	0.43021	569.39	4.7569e-09	1.1802
965	2623	34.142	0.47075	2536.6	3.5711e-09	0.00080649
966	3142.4	20.332	0.37678	1755.6	1.3108e-08	1.382
967	1455.2	28.678	0.29273	1272.6	9.1167e-09	0.00065368
968	6444.3	21.722	0.43621	1339.4	1.7017e-08	0.86027
969	2257.5	30.193	0.4554	1237	1.1116e-08	2.3947
970	4487.1	27.823	0.38737	1613.5	6.781e-09	0.00093061
971	7585.6	30.688	0.38901	1768.3	3.4979e-09	0.0008675
972	4115.7	26.225	0.41054	687.49	8.3449e-09	1.1059
973	1750.5	28.438	0.30936	620.15	8.548e-09	0.00068107
974	3215.5	34.335	0.39462	59.216	6.3376e-09	0.00087307
975	2760.3	30.777	0.33255	1286.2	1.6193e-08	0.00081315
976	2274.2	22.39	0.32127	1806.9	1.2165e-08	0.00083087
977	3137.9	27.184	0.46935	977.66	8.9833e-09	1.8076
978	5759.4	25.851	0.33838	945.28	1.5321e-08	0.00078197
979	2648.8	37.928	0.3074	546.85	8.5943e-09	0.00087878
980	1715	31.793	0.46005	1719.4	7.7035e-09	1.368
981	4480	28.292	0.45282	2382.9	4.7905e-09	0.19858
982	1972.2	27.776	0.31085	592.18	1.0936e-08	0.00088799
983	4249.4	22.147	0.39735	2873.8	1.0643e-08	1.5426
984	5658.9	37.096	0.47101	1240.3	1.6802e-08	0.00084959
985	7363.6	29.312	0.40815	1192.7	4.0483e-09	0.00086199
986	1804.6	23.763	0.32328	162.36	1.639e-08	0.6344
987	6202.3	36.756	0.32514	577.91	2.5921e-09	0.00083908
988	6593.2	38.19	0.43521	2011.3	6.7918e-09	0.0009403
989	2078.7	38.27	0.43536	2694.1	1.4392e-08	0.00093646
990	4904.3	33.055	0.40396	1195.8	4.0875e-09	0.00092813
991	3345.5	20.869	0.32036	106.79	1.4882e-08	1.7967
992	3017.3	29.256	0.37836	1693.2	1.3279e-08	0.00090405
993	5608	31.679	0.27826	395.57	1.6851e-09	0.00076923
994	3248.7	30.589	0.40773	508.57	8.6032e-09	0.47804
995	4564.4	33.38	0.30536	608.94	4.2356e-09	0.0008303
996	2441.5	20.173	0.36611	1675.8	8.2823e-09	0.49641
997	3167.2	26.126	0.32628	178	1.7468e-08	0.015852
998	2213.7	35.723	0.34243	360.82	1.6134e-08	0.00090119
999	6587.9	35.612	0.46678	1552.4	3.8268e-09	0.00089357
1000	5935.5	29.174	0.44696	157.1	1.423e-08	0.36961
1001	2511.6	23.105	0.40134	2752.5	1.3897e-08	1.7807
1002	5731	31.935	0.46867	1620.4	1.8327e-08	0.0008062
1003	2137.6	20.597	0.33039	1659.9	1.3468e-08	0.4105
1004	2669.6	22.575	0.40839	246.66	1.8217e-08	6.2899
1005	3900.1	35.318	0.46535	630.84	1.2366e-08	0.0009433
1006	3219.4	23.243	0.4459	1918.1	6.8941e-09	1.9179
1007	4648.6	29.966	0.41568	2891.2	6.0782e-09	0.00084852
1008	2915.2	32.572	0.41462	304.67	1.8738e-08	0.88043
1009	2149.2	36.323	0.35661	2199.5	5.5705e-09	0.00072802
1010	3858.4	33.788	0.3464	76.702	1.3686e-08	0.00094263
1011	3431.2	30.153	0.4965	2661.9	1.1368e-08	0.38627
1012	5141.6	31.454	0.27418	1417.1	2.3698e-09	0.00080284
1013	3052.3	30.503	0.48947	1435	6.3016e-09	2.5003
1014	4079.2	31.878	0.43134	1580	4.1929e-09	0.00087087
1015	8005	27.046	0.36645	2013.9	1.1287e-08	0.00091069
1016	3393	26.865	0.31587	2551.8	3.6728e-09	0.00079164
1017	6630.9	22.92	0.42257	2151.5	1.2967e-08	1.3523
1018	6135.2	28.879	0.47766	2703.7	7.3498e-09	0.00084446
1019	6465.8	30.906	0.38465	412.3	9.2704e-09	0.00084811
1020	7629.9	35.783	0.50363	1783	2.2261e-09	0.00092712
1021	3464.4	20.745	0.38204	2514.4	1.4708e-08	1.9957
1022	7511.2	33.704	0.41824	1506.8	2.807e-09	0.00085304
1023	5223.2	26.088	0.29568	2031.8	4.1423e-09	0.00082446
1024	5778.9	31.477	0.45381	168.35	1.2111e-08	0.00094454
1025	2200.3	24.194	0.4071	2097.2	5.4936e-09	2.0947
1026	4436.9	31.241	0.44217	777.8	1.7117e-08	0.19438
1027	6325.9	38.148	0.35336	1909.2	2.8014e-09	0.00073141
1028	7531.5	34.386	0.46881	2793.6	3.7074e-09	0.00078369
1029	2007.3	33.594	0.44263	1600.5	5.3719e-09	0.0008951
1030	3954.4	38.341	0.4604	1270.5	1.2482e-08	0.00083099
1031	1822.8	22.173	0.38364	2408.1	1.7927e-08	0.30585
1032	1444.1	31.648	0.35467	1603.6	1.495e-08	0.00085647
1033	5661.5	36.698	0.28934	32.394	1.615e-08	0.00083535
1034	5919.8	22.034	0.34527	2442.5	1.8396e-08	0.00082171
1035	3371	24.83	0.31263	2137.3	1.8801e-08	0.00083317
1036	3057.1	29.098	0.39087	506.38	1.1096e-08	0.73191
1037	5181.4	23.587	0.39278	2359.3	1.9293e-08	0.88597
1038	7883.9	21.451	0.31601	136.96	6.9575e-09	0.23201
1039	5353.6	22.608	0.42009	931.65	3.4274e-09	0.95532
1040	2821.1	38.783	0.38502	408.6	1.726e-08	0.00075562
1041	6694.7	21.875	0.44401	1911.9	1.5748e-08	0.91454
1042	3704.3	29.664	0.36044	2138	1.2123e-09	0.00083213
1043	2661.7	34.233	0.34811	1593.5	7.9968e-09	0.0007589
1044	3290.8	24.516	0.38579	458.94	3.2908e-09	4.2899
1045	6490.5	22.49	0.4381	2522.3	1.5725e-08	0.84703
1046	4549	38.117	0.45806	1891.9	1.1893e-08	0.00081082
1047	2127.3	38.704	0.32926	1966.5	1.3767e-08	0.00089774
1048	3631.1	27.129	0.46717	424.78	1.2548e-08	2.8395
1049	6506.1	21.127	0.28303	1672.3	1.623e-08	0.00085566
1050	4180.8	29.52	0.42753	62.957	2.6031e-09	1.1293
1051	2330.3	38.823	0.36752	566.47	6.1188e-09	0.00095934
1052	1527.9	30.114	0.39816	1370.2	1.2579e-08	0.089338
1053	1188.4	26.311	0.34881	1013.8	9.8733e-09	0.69239
1054	3674.7	25.554	0.39237	448.85	4.3521e-09	1.3844
1055	7395.3	28.508	0.29205	2705.3	4.5406e-09	0.00084196
1056	2752.7	29.976	0.46304	749.55	4.6974e-09	1.6669
1057	4423.6	31.168	0.39841	1008.8	6.4949e-09	0.00093117
1058	1751.9	26.706	0.3364	1229.1	2.8806e-09	0.00086913
1059	5231.5	30.967	0.49207	2073.2	1.3781e-08	0.00087649
1060	4518.2	20.453	0.44258	2558	1.5033e-08	1.3832
1061	5257.1	27.467	0.47328	101.4	1.6468e-08	1.2953
1062	7058.9	20.102	0.33376	127.83	4.9857e-09	0.8925
1063	2010.8	32.845	0.38029	1168.8	1.2901e-08	0.00076761
1064	6483.7	28.268	0.49152	1180.3	1.5613e-08	0.30002
1065	3021.7	35.994	0.33759	1583.2	5.7632e-09	0.00084385
1066	2837	35.057	0.37475	964.1	8.4126e-09	0.00071294
1067	4797.5	23.168	0.3322	1003	1.6851e-08	0.00077574
1068	6327.5	36.801	0.49414	1489.5	9.6679e-09	0.00086401
1069	5006.5	26.882	0.40177	1293.2	1.2244e-08	0.0069517
1070	5312.2	34.382	0.48945	377.15	1.2862e-08	0.00097977
1071	3712.2	25.611	0.40664	2480.1	9.2455e-09	1.1462
1072	1484.3	23.811	0.36293	2206.9	1.5791e-08	0.33645
1073	5723.9	29.815	0.48151	2393.8	2.5707e-09	0.00082833
1074	3287.5	36.187	0.41087	926.24	6.153e-09	0.00085938
1075	6722.4	22.861	0.34378	1262.1	1.8121e-08	0.00079652
1076	3909.4	25.185	0.4793	831.1	1.2744e-08	3.6524
1077	3059.4	37.211	0.49232	1108.4	1.571e-08	0.00081346
1078	4322.7	24.487	0.35016	1072	1.3531e-08	0.00099297
1079	6946.3	24.089	0.36247	1212	1.725e-08	0.00076379
1080	3134.6	37.911	0.31451	1054.1	3.9817e-09	0.00090694
1081	3047.6	27.02	0.27839	1925.8	4.9567e-09	0.00089027
1082	4155.8	26.363	0.4695	2636.9	1.2141e-08	0.82245
1083	7497.3	25.023	0.4127	2469.7	1.0407e-08	0.00084476
1084	7155.9	28.485	0.49159	2738.6	8.3331e-09	0.00083271
1085	7897.2	37.425	0.43602	1977.9	1.4067e-08	0.00080669
1086	2693.4	23.456	0.27983	1442.1	1.4139e-08	0.00086353
1087	6741.7	22.459	0.31839	1630.7	1.2125e-08	0.00078464
1088	1696.8	36.645	0.49374	2344	1.1166e-08	0.00082162
1089	4073.4	26.092	0.29915	664.59	1.0809e-08	0.0007782
1090	5349.3	35.912	0.4884	1305.4	7.3766e-09	0.00085746
1091	3239.7	32.009	0.46127	1446.7	4.4288e-09	0.28915
1092	3765.3	26.964	0.42123	309.12	1.4645e-08	2.2262
1093	3930.4	20.855	0.33315	925.3	3.8128e-09	1.0949
1094	5212.2	32.18	0.46967	558.47	1.0202e-08	0.00085556
1095	5063.8	24.446	0.36271	1143.8	3.5413e-09	0.27199
1096	5948.6	38.467	0.49014	207.13	1.7057e-08	0.00088639
1097	2299.9	38.454	0.42529	2920.1	3.8471e-09	0.00077304
1098	2427.1	29.858	0.33717	1995.4	1.4202e-08	0.00098416
1099	3077.4	22.275	0.33678	1770.2	5.7171e-09	0.20755
1100	3637.8	33.391	0.37282	489.26	8.1867e-09	0.00084175
1101	5429.4	33.794	0.49493	2296.3	5.1066e-09	0.00097488
1102	3341.5	22.915	0.29978	244.94	7.3324e-09	0.020391
1103	4464.6	22.747	0.3835	257.19	1.5803e-08	3.5398
1104	7769.4	32.484	0.37105	2163.7	2.5794e-09	0.00078378
1105	3348.6	35.893	0.40102	951.43	2.1661e-09	0.00075141
1106	4666.7	24.854	0.29335	281.71	1.0216e-08	0.0008594
1107	7548.8	37.252	0.47182	705.16	1.5239e-08	0.00079276
1108	2898	22.408	0.29509	589.63	9.2934e-09	0.00083243
1109	5041.4	32.881	0.29647	2195.2	2.301e-09	0.00088932
1110	5717.3	31.436	0.32063	1154	2.3771e-09	0.00081333
1111	7170	27.171	0.49172	1742.9	7.8382e-09	0.24259
1112	3684.7	35.097	0.27296	2878.1	2.6329e-09	0.0008463
1113	5861.1	21.882	0.36359	2831.1	1.693e-08	0.00099713
1114	5954.1	22.008	0.39009	2236.6	6.3188e-09	1.0912
1115	1322.7	21.781	0.29679	1626.8	1.7799e-08	0.00091269
1116	4521.9	28.781	0.28255	1591	5.6622e-09	0.00086038
1117	5824.2	22.059	0.3238	2112.3	6.6038e-09	0.00087513
1118	7681.7	23.079	0.37658	1833.3	1.3355e-08	0.00080656
1119	6620.6	29.071	0.49106	528.6	1.5537e-08	0.14542
1120	1774.8	24.903	0.30733	1362.3	9.3547e-09	0.00090175
1121	1954	33.742	0.40217	1810.6	1.6164e-08	0.00080475
1122	5423.4	23.424	0.43355	2758.5	1.5443e-08	1.327
1123	4588.5	28.963	0.47351	2733.5	1.0207e-08	0.020734
1124	6975.8	33.467	0.47009	971.45	9.1367e-09	0.00085147
1125	3848.8	24.108	0.45189	295.41	1.9153e-08	4.042
1126	6843.9	23.672	0.40047	1629.5	1.8529e-08	0.29017
1127	5984	26.046	0.38416	1030.5	6.1575e-09	0.00089364
1128	3973.8	22.927	0.29192	2639.5	1.7909e-08	0.00080242
1129	1807.3	39.015	0.31091	52.692	1.2273e-08	0.00084277
1130	6281.2	29.385	0.4053	1097.9	4.6118e-09	0.00084147
1131	5034.4	28.852	0.3958	2824.7	2.4437e-09	0.00090857
1132	7411.4	20.73	0.3653	1031.5	1.3418e-08	1.0785
1133	6517.1	21.461	0.29708	299.86	4.8167e-09	0.00091481
1134	7444.7	25.094	0.44367	2828.8	8.52e-09	0.05458
1135	7418.8	30.037	0.30878	223.73	8.5044e-09	0.00081197
1136	7747.8	27.588	0.45431	975.25	1.3628e-08	0.00092298
1137	7136.5	22.461	0.33553	47.875	1.2047e-08	0.63267
1138	1874.6	27.401	0.34271	1442.9	1.787e-08	0.00081977
1139	4313.4	37.442	0.43416	881.35	4.9732e-09	0.00084726
1140	6577.5	22.251	0.41211	848.21	1.4989e-08	1.2589
1141	4372.9	25.971	0.49439	1999.7	1.9241e-08	3.1958
1142	6014.5	21.866	0.33088	2712.6	1.0481e-08	0.00083849
1143	3512	31.041	0.48959	2233.7	1.2502e-08	0.29521
1144	4235.7	36.477	0.35698	91.464	1.2215e-08	0.00085891
1145	3415.7	33.725	0.31266	446.56	3.8812e-09	0.00085127
1146	3336.1	31.574	0.34309	1279	3.1745e-09	0.00095382
1147	6794.8	21.659	0.4043	419.53	1.4998e-08	1.2643
1148	3564.1	21.852	0.36135	2846.6	1.8907e-08	0.52535
1149	1960	33.014	0.4513	2501.7	1.7585e-08	0.00081677
1150	4882.4	20.429	0.40974	993.56	1.31e-08	1.2141
1151	5708.3	23.598	0.3319	1827.3	4.4502e-09	0.00079352
1152	4014.8	24.965	0.43262	1844.1	9.5706e-09	2.0026
1153	2304.5	31.518	0.35685	343.84	1.4537e-09	0.00076333
1154	4285.1	36.001	0.29269	51.217	3.2438e-09	0.0008532
1155	6970.5	33.361	0.30628	1590.7	3.0416e-09	0.00082715
1156	3869.1	36.141	0.42739	1823.1	1.4967e-08	0.00082387
1157	5816.4	27.937	0.45874	2687.3	1.8507e-08	0.00098162
1158	6496.7	34.855	0.30461	1937.6	1.729e-09	0.00090814
1159	1792.1	27.52	0.31792	1268	1.9872e-09	0.00077264
1160	5190.6	24.06	0.47367	2887.9	6.9106e-09	1.2872
1161	4277.2	29.725	0.33114	248.48	8.392e-09	0.00092253
1162	5204.4	28.58	0.4057	271.56	1.3409e-08	0.30974
1163	5445.5	23.144	0.36466	2787	7.5321e-09	0.00078148
1164	6388.2	29.269	0.47936	1519.6	2.7278e-09	0.019647
1165	4900.9	22.714	0.46264	1702.4	1.4627e-08	1.0894
1166	6451.7	30.723	0.3045	91.757	1.7668e-08	0.00081123
1167	1176.2	29.602	0.38163	1999.3	7.1522e-09	0.00085208
1168	1100.9	27.375	0.37448	834.59	1.5418e-08	1.0979
1169	7873.6	20.56	0.30837	2265.3	1.5135e-08	0.00091924
1170	2980.9	30.134	0.44992	927.11	9.7358e-09	0.78923
1171	3459.1	21.908	0.29408	1542.9	7.9184e-09	0.00088482
1172	1373.4	34.533	0.42617	1284.3	8.1126e-09	0.00094908
1173	7647.8	34.331	0.47412	217.3	8.818e-09	0.00092934
1174	4885.5	34.592	0.3236	862.11	1.2615e-09	0.00092978
1175	2778.8	29.528	0.42332	1315.6	1.6531e-08	0.66842
1176	1337.5	34.456	0.42729	2627	1.8881e-08	0.00085722
1177	4932.1	24.241	0.44896	2853.3	9.6153e-09	0.80539
1178	5338.3	26.999	0.37078	1003.8	5.4763e-09	0.00077476
1179	3685.9	23.567	0.32184	837.14	1.7202e-08	0.00083526
1180	6416.9	24.646	0.28655	2875.1	1.1341e-08	0.00099404
1181	2482.4	33.004	0.37133	2885.1	1.0293e-08	0.00084652
1182	5875.9	33.119	0.45085	333.55	1.5822e-08	0.00074008
1183	3808.5	23.136	0.3466	1636.8	3.2413e-09	0.25175
1184	3859.5	27.948	0.50107	908.09	8.7347e-09	5.6661
1185	6659.3	27.508	0.50584	725.77	1.9072e-08	0.50097
1186	3446.7	24.44	0.41776	410.48	1.4509e-08	2.6115
1187	3036.6	20.841	0.41345	2510.4	7.0945e-09	3.3184
1188	5669.6	36.643	0.45267	1102.1	6.6485e-09	0.00088753
1189	1743.4	23.159	0.32389	140.71	1.2348e-08	0.44177
1190	6751.2	22.523	0.41122	2383.6	3.8399e-09	0.40879
1191	8029.3	23.925	0.42856	2819.1	4.7795e-09	0.00094604
1192	7160.3	34.674	0.4785	2222.1	1.1329e-08	0.00089991
1193	2871.3	24.998	0.44959	878.42	1.9009e-08	8.127
1194	3894.4	28.635	0.45724	822.62	1.3637e-08	2.6069
1195	6790.4	28.656	0.37115	1826.1	7.1256e-09	0.00081048
1196	6852.7	31.076	0.30819	2795.8	3.6059e-09	0.00088774
1197	1315.5	23.807	0.28212	475.45	1.6552e-08	0.00082403
1198	7690.4	29.346	0.47322	1685.5	1.6745e-08	0.00086075
1199	2242.1	34.641	0.28516	2078.4	9.3981e-09	0.00087313
1200	1408	32.866	0.47706	2231.8	8.6544e-09	0.27822
1201	2413.6	23.515	0.28309	595.91	1.0516e-08	0.00087233
1202	7583.5	27.279	0.31908	1711.7	4.0694e-09	0.00079437
1203	3786.3	20.793	0.35375	535.82	1.6396e-08	1.1775
1204	6812.3	30.761	0.44847	2315.4	1.3542e-08	0.0007258
1205	5468.1	31.236	0.33351	2358.6	3.4409e-09	0.00090974
1206	3295.6	21.669	0.42837	1511.3	1.6809e-08	1.7359
1207	3608.7	30.095	0.43205	1950.6	1.38e-09	0.00087097
1208	7714.9	25.754	0.30944	1963.1	8.0426e-09	0.00080677
1209	1899.5	31.766	0.27303	278.64	2.3185e-09	0.00088997
1210	6840	22.935	0.39856	919.55	1.122e-08	0.90027
1211	3590.2	21.558	0.34064	2676.3	1.1511e-08	0.00091426
1212	5029.8	24.631	0.27903	2804.4	1.1942e-08	0.00090648
1213	1301.8	27.842	0.30703	1887	7.7228e-09	0.0007366
1214	3948.9	22.222	0.36908	2605.5	7.2542e-09	0.81297
1215	1690.1	23.856	0.33498	2485.9	4.1153e-09	0.00081178
1216	3421.6	25.541	0.43838	2788.1	1.7547e-08	1.2483
1217	7709	25.518	0.37088	180.17	1.0353e-08	0.00099868
1218	5832.1	32.032	0.48529	129.83	8.9738e-09	0.23195
1219	8040.6	23.206	0.47465	380.98	1.6044e-08	0.9339
1220	4767.9	28.339	0.47132	683.43	1.0683e-08	0.88042
1221	1429.6	38.913	0.34691	2883.8	7.8115e-09	0.00080503
1222	5914	34.587	0.39194	222.84	1.37e-08	0.00082598
1223	3734.3	21.553	0.30803	303.97	5.4332e-09	0.33834
1224	4993.1	28.074	0.34117	2423.5	4.2727e-09	0.0008722
1225	2641.1	31.582	0.34678	2366.7	1.3055e-08	0.00089672
1226	2401.3	32.914	0.37043	2040.8	1.6585e-08	0.00079359
1227	7305.2	35.115	0.47046	823.4	1.6995e-08	0.00076296
1228	6787.1	24.973	0.44483	1307.3	1.6228e-08	0.41621
1229	3545.7	28.933	0.27628	2783.5	2.0049e-09	0.00084863
1230	5845.4	33.781	0.43289	1644.7	1.5919e-08	0.00080244
1231	2253.4	29.641	0.45372	463.92	1.321e-08	7.1726
1232	3015.7	26.384	0.50127	1574.4	1.5495e-08	8.1566
1233	5329.6	36.153	0.50079	2104.8	7.3153e-09	0.00080435
1234	8036.4	32.28	0.34331	247.71	6.8845e-09	0.00079517
1235	4710.1	24.895	0.40234	1482.9	1.669e-08	1.8161
1236	2558	25.115	0.38441	2118.9	5.9636e-09	1.0388
1237	3213.7	32.424	0.3577	1763.8	3.5076e-09	0.00084253
1238	2203.3	28.575	0.3256	2803.1	6.1872e-09	0.00093029
1239	2282.3	28.496	0.45369	1741.7	1.5598e-08	1.9489
1240	7685.2	34.498	0.28702	1076.6	2.3537e-09	0.00083755
1241	5127	38.879	0.4408	2064.2	4.6399e-09	0.00077471
1242	2581.2	26.68	0.39697	1960	1.1261e-08	1.1828
1243	3572.2	31.004	0.35579	167.44	5.396e-09	0.00097443
1244	6409	26.275	0.44421	1105.4	1.5985e-09	0.41685
1245	3507.2	31.485	0.30281	2179.2	4.591e-09	0.0007591
1246	7983.4	26.619	0.44925	196.39	6.0957e-09	0.28967
1247	3316.7	32.285	0.41504	2589.9	1.9202e-08	0.00085507
1248	2424.2	20.152	0.29795	2189.9	1.0846e-08	0.00089487
1249	7225.4	28.399	0.42294	1091.5	1.6409e-08	0.0008957
1250	7270.6	30.516	0.46848	660.92	1.2176e-08	0.00082455
1251	6542.7	24.765	0.36082	604.37	4.2762e-09	0.00095939
1252	7617.7	26.929	0.38835	748.06	8.6306e-09	0.00094711
1253	4176.8	38.002	0.4814	1426.9	1.737e-08	0.00081125
1254	3133	22.842	0.28546	2082	1.4736e-08	0.00076293
1255	4293.8	35.661	0.45424	2530.9	1.276e-09	0.00083604
1256	2381.4	38.077	0.48463	867.08	3.1242e-09	0.00082487
1257	1966.4	24.93	0.42032	1115.2	5.1522e-09	0.62437
1258	7753.5	24.561	0.37595	1313.1	1.1638e-08	0.00077521
1259	2605.1	32.891	0.43132	2427.8	1.002e-08	0.00090234
1260	7763.1	24.163	0.30145	668.72	1.0957e-08	0.00080336
1261	4416.7	21.318	0.31371	900.11	1.6641e-08	0.14817
1262	4207.3	26.351	0.40276	314.89	8.2212e-09	2.5789
1263	4384	28.202	0.50045	268.35	7.4741e-09	4.298
1264	5114.4	23.407	0.36432	1990.1	1.6102e-08	0.066818
1265	2771.2	25.213	0.3386	1902.2	4.9888e-09	0.00081869
1266	1844.6	36.608	0.50326	2666.9	1.0704e-08	0.00087328
1267	1480.1	27.107	0.41767	442.11	1.0109e-08	0.65445
1268	1705.2	29.929	0.45242	2599.8	1.8908e-08	0.35717
1269	8049.8	21.499	0.29891	356.49	1.2236e-08	0.00083777
1270	2385.2	23.196	0.33274	787.5	1.289e-08	0.30013
1271	7851.1	27.627	0.42929	1325.2	8.9304e-09	0.00089657
1272	1452.9	29.955	0.27915	1875.3	1.1987e-08	0.00079614
1273	7278.2	23.557	0.40653	1314.1	1.6298e-08	0.47472
1274	5802.5	23.615	0.48052	1400.1	1.4163e-08	0.97646
1275	3129.6	35.732	0.28367	277.13	3.5936e-09	0.00085284
1276	5772.4	35.582	0.46251	254.37	3.1657e-09	0.00087544
1277	1980.4	29.501	0.28817	2520.5	1.4441e-08	0.00089892
1278	3783.7	29.66	0.48602	1550.3	1.1351e-08	1.3963
1279	8000.5	24.417	0.43879	153.48	5.6332e-09	0.68879
1280	2054.5	34.005	0.40511	39.015	9.3198e-09	0.3517
1281	5210.6	25.947	0.33158	1595.4	1.4616e-08	0.00086324
1282	7424.7	32.565	0.48446	383.23	1.0952e-08	0.00077555
1283	6269.5	20.883	0.28862	1197.6	1.9301e-08	0.00082859
1284	3965.9	21.11	0.3507	1353.8	8.788e-09	1.1421
1285	4492.7	20.625	0.28005	1916.1	1.0777e-08	0.00084966
1286	2703.7	34.838	0.49093	1208.7	6.0357e-09	0.00098185
1287	2231.5	21.216	0.36816	378.74	1.8473e-08	1.1704
1288	4975	25.643	0.27514	1411.9	3.3113e-09	0.00084914
1289	6241	29.186	0.31991	1930.7	1.1837e-09	0.00078837
1290	6849.7	23.032	0.42209	670.98	1.638e-08	1.1447
1291	5598.5	25.283	0.49738	1566.2	6.3485e-09	1.7985
1292	5929.3	37.633	0.45303	2431.7	9.0751e-09	0.00093055
1293	5392.2	21.597	0.41535	1027.1	1.0523e-08	1.5641
1294	7847	21.066	0.2816	400.28	1.356e-08	0.00076878
1295	6629	31.736	0.40895	1383.4	8.0584e-09	0.00083116
1296	7503.4	20.357	0.27861	397.48	9.1513e-09	0.00086897
1297	7042.3	28.241	0.49772	621.84	1.8123e-08	0.3121
1298	1666.7	30.437	0.38258	2452.8	4.1741e-09	0.00073464
1299	4659.1	22.812	0.31934	1934.1	1.4723e-08	0.00082482
1300	7030.2	26.74	0.39904	388.3	7.0038e-09	0.0083912
1301	6106.1	26.593	0.43297	520.49	1.9117e-09	1.1046
1302	4787.7	26.125	0.33829	798.5	5.9989e-09	0.00082969
1303	3943.3	39.035	0.42785	2474.8	1.2308e-08	0.00086271
1304	4059.2	37.536	0.29874	365.59	2.2469e-09	0.00087046
1305	2818.2	38.43	0.48105	184.6	1.3154e-08	0.00081727
1306	7047.2	29.514	0.50234	874.8	5.1865e-09	0.0028567
1307	4957.9	29.012	0.48089	659.05	1.3913e-08	1.0455
1308	4734.8	27.149	0.39117	486.54	1.6848e-08	0.52269
1309	7187.7	27.894	0.3498	427.92	8.5386e-09	0.00083365
1310	7654.9	20.092	0.30435	802.44	3.7434e-09	0.00086406
1311	6682.5	20.614	0.40536	2629.6	1.0363e-08	0.74615
1312	3236.2	33.406	0.36169	203.66	5.6159e-09	0.00086695
1313	7574.5	34.178	0.41384	2942.8	4.6933e-09	0.00080111
1314	2826.3	30.302	0.43283	2855.1	1.649e-08	0.00082945
1315	2744.1	21.591	0.33878	1359.1	8.5658e-09	0.25121
1316	6162.6	29.87	0.39949	2583	3.3409e-09	0.00078664
1317	6821.4	36.875	0.48755	1776.9	6.9506e-09	0.000946
1318	4212.7	23.847	0.46023	2593.4	1.2815e-08	0.99114
1319	8042.1	26.29	0.45043	316.6	2.9856e-09	0.84028
1320	2154.5	23.278	0.31944	2200.7	4.4857e-09	0.0008615
1321	1974.3	30.34	0.34783	220.79	2.1053e-09	0.00079255
1322	5881.8	24.743	0.4619	2227.5	1.0195e-08	1.1609
1323	6994.9	31.781	0.35839	233.02	5.2987e-09	0.00076472
1324	1197.3	33.147	0.3143	2571.7	5.4838e-09	0.0008278
1325	7863	21.993	0.35619	2463.9	1.9088e-08	0.00088292
1326	3070.4	29.795	0.33588	751.19	2.4359e-09	0.00080806
1327	4985.3	20.834	0.44327	1146.8	1.4401e-08	1.0878
1328	1355.3	36.016	0.41632	754.17	1.3292e-08	0.00085409
1329	1860.5	25.792	0.31154	1799.6	1.4865e-08	0.0007576
1330	4103.2	33.403	0.39593	170.28	1.9189e-08	0.0008552
1331	7591.8	27.445	0.38678	1615.6	1.5844e-08	0.00088916
1332	6957.9	35.353	0.50014	940.01	1.4242e-08	0.00081193
1333	5403	35.631	0.43106	653.48	6.1425e-09	0.00079841
1334	5315.5	37.654	0.4102	503.47	7.544e-09	0.0008353
1335	7387.9	21.3	0.32667	1187.7	1.7095e-08	0.00076165
1336	1885.3	26.608	0.4219	1721.9	1.7525e-08	1.1829
1337	3623.3	26.581	0.37789	1521	1.3367e-08	0.00097344
1338	2210.2	24.952	0.31106	1928.6	1.5979e-08	0.0006089
1339	7526.7	21.979	0.27643	1189.5	1.973e-09	0.00085617
1340	1816.9	31.012	0.30162	2213.1	2.0485e-09	0.00086663
1341	5481.5	27.608	0.42661	1319.6	5.8725e-09	0.039952
1342	5196.7	27.03	0.47916	2626.6	1.6014e-08	0.63254
1343	5702.6	23.384	0.30405	2062.1	1.7502e-08	0.0009728
1344	6375.8	33.757	0.42823	920	1.1716e-09	0.0008142
1345	2312.8	38.834	0.45844	2242.3	6.396e-09	0.00079071
1346	5066.1	32.388	0.48677	122.14	1.3084e-08	0.23344
1347	7097.4	34.287	0.47311	2166.3	5.21e-09	0.00076568
1348	4199.9	32.092	0.49921	733.7	1.0877e-08	0.48204
1349	3584.4	28.089	0.49051	1225.6	8.6635e-09	1.9477
1350	7378.2	20.487	0.33102	1576.9	9.0327e-09	0.00085417
1351	3362.8	24.705	0.48383	405.69	1.7986e-08	6.2296
1352	7534	32.585	0.43063	1508.3	1.122e-09	0.00078907
1353	6858.9	27.928	0.40266	498.26	2.8968e-09	0.00098015
1354	6500.5	30.959	0.38182	2256	1.7881e-09	0.00075095
1355	4169	20.255	0.34156	1076.2	3.9517e-09	0.93416
1356	6125.1	36.105	0.43766	2158.7	1.2905e-08	0.0008708
1357	2086.8	25.781	0.41594	2304.5	4.9653e-09	1.4384
1358	4381.1	35.871	0.45002	693.63	1.8709e-08	0.00088853
1359	1673.6	31.923	0.36584	1029	4.8983e-09	0.00096107
1360	4268.2	35.258	0.38704	1250.6	5.9101e-09	0.00094201
1361	3904.8	30.322	0.42604	2419.2	5.2469e-09	0.00082511
1362	3305	25.22	0.31343	2020.4	9.7726e-09	0.00082273
1363	2912.4	26.429	0.32487	1338.6	1.2477e-08	0.00083559
1364	7352.2	25.085	0.46171	164.42	1.0395e-08	1.2421
1365	2088.9	24.592	0.33213	613.91	2.7197e-09	0.3592
1366	3319.3	35.161	0.42632	1235.9	1.733e-08	0.00087308
1367	6174.7	33.653	0.48167	212.02	1.6947e-08	0.0008509
1368	4408	29.235	0.30401	579.37	1.8441e-09	0.00081676
1369	3992.4	32.944	0.41871	1138.4	1.6461e-08	0.00089975
1370	1634.9	27.835	0.34472	157.79	1.3846e-08	0.68015
1371	3925.8	25.632	0.41965	806.26	8.1215e-09	2.2513
1372	3717.7	22.029	0.40124	460.1	1.092e-08	2.0669
1373	2166.9	20.116	0.30898	986.68	1.7027e-08	0.2377
1374	2334.2	20.074	0.2802	781.82	1.8749e-08	0.00085399
1375	4635.6	28.321	0.48925	2148.3	1.1396e-08	0.46072
1376	1799.9	29.736	0.38546	1984.7	1.2128e-08	0.00089876
1377	6322.4	24.724	0.3729	1859.2	1.215e-08	0.00089004
1378	4048.4	34.348	0.45976	1607.8	1.3482e-08	0.0009263
1379	1798.6	33.909	0.30377	2829.8	5.3884e-09	0.00085231
1380	3235	30.159	0.43923	1329.8	8.9655e-09	0.55187
1381	6058.2	29.495	0.33813	2349.4	3.3883e-09	0.00077821
1382	3407.9	38.586	0.38245	2877.4	6.6577e-09	0.00088349
1383	5697.8	27.345	0.48907	2917.9	1.7942e-08	0.47762
1384	4970.3	31.843	0.45183	1606.2	4.5335e-09	0.00078198
1385	6401.7	34.132	0.40151	1083.6	2.2851e-09	0.00085306
1386	5517.6	34.269	0.33575	2374.6	3.3587e-09	0.00088311
1387	4879.6	26.728	0.39199	2539.2	1.5361e-08	0.00086535
1388	5105.2	22.528	0.35032	2063	3.6099e-09	0.00080155
1389	7822.9	32.268	0.45857	2341.4	1.0661e-08	0.00087135
1390	6961.3	24.338	0.39048	288.3	1.6819e-08	0.63293
1391	4730.1	35.214	0.45587	1025.5	1.3488e-08	0.00090468
1392	2961.7	21.133	0.38313	1114.5	4.7616e-09	2.9419
1393	7403.9	26.771	0.40194	1355.7	2.1277e-09	0.00081998
1394	3700.9	20.984	0.35443	1074.2	9.2313e-09	0.95057
1395	8014.5	36.231	0.28126	139.11	2.4249e-09	0.00082854
1396	3689.7	22.946	0.37956	1431.9	1.0586e-08	3.2071
1397	6138	34.765	0.38807	57.052	7.1712e-09	0.00078677
1398	3625.9	23.491	0.35211	2500.2	2.5051e-09	0.00091538
1399	5497.8	24.042	0.45824	262.22	5.344e-09	3.4856
1400	5939.8	25.328	0.50312	258.75	1.474e-08	2.3435
1401	4299.9	25.493	0.44118	470.22	1.6964e-08	2.7493
1402	3602.7	36.027	0.49696	2034.1	1.8546e-08	0.00082114
1403	2846.4	25.298	0.45508	1737.6	8.0317e-09	3.1218
1404	4139.8	34.967	0.44669	80.781	4.4742e-09	0.0008835
1405	1435.4	34.522	0.30766	1954.7	1.2271e-08	0.00078873
1406	3864.3	24.848	0.39963	593.41	5.5422e-09	6.1339
1407	4432.6	26.551	0.3477	2503.8	2.7888e-09	0.00079796
1408	6700.9	31.427	0.38812	108.7	1.81e-08	0.00082285
1409	2393.3	26.763	0.43119	349.78	8.0709e-09	3.039
1410	4439.4	38.056	0.47662	730.89	1.379e-08	0.00079598
1411	6123.8	32.788	0.44049	380.07	1.3835e-08	0.00097919
1412	4824.7	38.896	0.38186	501.83	5.9483e-09	0.00077292
1413	3758.8	25.83	0.36609	1952.2	1.9131e-08	0.00076473
1414	2418.4	34.665	0.30127	2493.4	3.0568e-09	0.00085729
1415	4559.2	24.426	0.42189	478.11	3.7924e-09	2.0174
1416	4195	28.911	0.37486	758.86	1.7393e-08	0.00084778
1417	3127.2	33.517	0.30472	2156.5	3.2685e-09	0.00082572
1418	1872.4	28.98	0.41718	2801.7	8.2611e-09	0.012544
1419	4682	26.636	0.3214	1465.2	8.3569e-09	0.0008752
1420	1510.3	37.751	0.43582	1921	1.0654e-08	0.00087873
1421	6832.9	35.591	0.41404	728.25	8.3775e-09	0.00084261
1422	1831.7	33.587	0.43546	525.1	1.4771e-08	0.86822
1423	3074.8	25.125	0.36887	585.24	6.1809e-09	1.081
1424	8022.9	23.526	0.44833	2187.8	1.2967e-08	0.70283
1425	2577.4	35.443	0.37935	2586.6	1.6757e-08	0.00089798
1426	3698.7	24.624	0.49455	2941.1	8.7156e-09	2.7215
1427	6782.5	26.195	0.4913	865.6	1.2469e-08	1.4208
1428	7525.2	31.333	0.38744	2654.8	1.3403e-09	0.0006997
1429	5394.7	38.411	0.41072	2154.9	6.6114e-09	0.00083487
1430	1910.1	28.608	0.37799	518.52	5.9431e-09	1.1352
1431	3164.5	28.115	0.33973	1645.6	1.5703e-08	0.00083409
1432	7332	27.664	0.36726	2071.6	6.3622e-09	0.00080951
